2.76435e-09,-2.76435e-09,-5.36659e-09,-6.89033e-09,-7.63351e-09,-7.58339e-09,-6.86367e-09,-5.57567e-09,-3.10102e-09,3.10102e-09,
-2.76435e-09,2.76435e-09,5.36659e-09,6.89033e-09,7.63351e-09,7.58339e-09,6.86367e-09,5.57567e-09,3.10102e-09,-3.10102e-09,
-5.55459e-09,5.55459e-09,1.19289e-08,1.5443e-08,1.67821e-08,1.65058e-08,1.50127e-08,1.1916e-08,5.7548e-09,-5.7548e-09,
-7.23342e-09,7.23342e-09,1.56747e-08,2.00869e-08,2.17915e-08,2.17208e-08,1.98994e-08,1.53792e-08,7.01183e-09,-7.01183e-09,
-7.95825e-09,7.95825e-09,1.70834e-08,2.19702e-08,2.42565e-08,2.45213e-08,2.23362e-08,1.70561e-08,7.71808e-09,-7.71808e-09,
-7.74343e-09,7.74343e-09,1.68645e-08,2.21533e-08,2.4832e-08,2.50869e-08,2.2799e-08,1.7508e-08,7.97197e-09,-7.97197e-09,
-6.91003e-09,6.91003e-09,1.54925e-08,2.05715e-08,2.2976e-08,2.31433e-08,2.11277e-08,1.63466e-08,7.44432e-09,-7.44432e-09,
-5.50589e-09,5.50589e-09,1.22506e-08,1.60073e-08,1.76836e-08,1.77575e-08,1.62748e-08,1.27003e-08,5.77283e-09,-5.77283e-09,
-2.7965e-09,2.7965e-09,5.69139e-09,7.10427e-09,7.64981e-09,7.64481e-09,7.10105e-09,5.60999e-09,2.62095e-09,-2.62095e-09,
2.7965e-09,-2.7965e-09,-5.69139e-09,-7.10427e-09,-7.64981e-09,-7.64481e-09,-7.10105e-09,-5.60999e-09,-2.62095e-09,2.62095e-09,
