-1.60741,1.60741,4.82217,8.03676,11.2511,14.4649,17.6783,20.8909,24.1027,27.3134,30.523,33.731,36.9373,40.1415,43.3431,46.5418,49.7371,52.9297,56.1257,59.3498,62.6857,66.3751,71.0252,77.967,89.7188,110.32,145.045,198.938,274.009,365.97,462.454,544.778,593.732,597.261,
-1.51759,1.51759,4.55283,7.58824,10.6239,13.6601,16.6967,19.7341,22.7723,25.8116,28.852,31.894,34.9377,37.9835,41.0319,44.0835,47.1396,50.2033,53.2841,56.4118,59.6752,63.3186,67.9424,74.8528,86.5247,106.952,141.403,194.997,269.9,361.986,458.915,541.804,591.011,593.732,
-1.42818,1.42818,4.28471,7.14176,9.99967,12.8588,15.7196,18.5825,21.4479,24.3164,27.1886,30.0652,32.947,35.8351,38.7307,41.6355,44.552,47.4848,50.4448,53.4612,56.6165,60.1311,64.5431,71.0231,81.7959,100.468,131.823,180.544,248.665,332.51,420.897,496.636,541.804,544.778,
-1.33996,1.33996,4.02018,6.70124,9.38374,12.0683,14.7556,17.4463,20.1412,22.8412,25.5473,28.2607,30.9827,33.7149,36.4592,39.2183,41.9954,44.7958,47.6301,50.5239,53.5452,56.874,60.9483,66.7226,76.0172,91.7926,117.989,158.481,214.979,284.493,357.847,420.897,458.915,462.454,
-1.25368,1.25368,3.76142,6.27034,8.78126,11.295,13.8125,16.3348,18.8629,21.3981,23.9417,26.4953,29.0607,31.64,34.2359,36.8514,39.4905,42.1586,44.8652,47.6305,50.506,53.6248,57.3109,62.2719,69.8605,82.2837,102.486,133.373,176.244,228.893,284.493,332.51,361.986,365.97,
-1.16995,1.16995,3.51035,5.85225,8.19668,10.5447,12.8975,15.2564,17.6226,19.9977,22.3835,24.7819,27.1952,29.6259,32.0771,34.5525,37.0562,39.594,42.1737,44.8109,47.5412,50.4551,53.7706,57.9647,63.9511,73.2241,87.7821,109.603,139.583,176.244,214.979,248.665,269.9,274.009,
-1.08932,1.08932,3.26857,5.44962,7.63371,9.82214,12.0163,14.2177,16.4279,18.6489,20.8826,23.1313,25.3978,27.685,29.9963,32.3359,34.7084,37.1193,39.5757,42.0893,44.6838,47.4162,50.421,53.9916,58.69,65.4369,75.4658,90.0008,109.603,133.373,158.481,180.544,194.997,198.938,
-1.0122,1.0122,3.03728,5.06445,7.09514,9.13085,11.1732,13.2239,15.2849,17.3582,19.4462,21.5516,23.6773,25.8267,28.0038,30.2128,32.4589,34.7476,37.0857,39.4824,41.9538,44.5342,47.3009,50.42,54.2081,59.183,66.0389,75.4658,87.7821,102.486,117.989,131.823,141.403,145.045,
-0.938843,0.938843,2.81731,4.69812,6.58291,8.47335,10.3713,12.2786,14.1974,16.1302,18.0794,20.0481,22.0396,24.0576,26.1063,28.1905,30.3155,32.4873,34.7125,36.9994,39.3597,41.8144,44.4065,47.2243,50.4328,54.2998,59.183,65.4369,73.2241,82.2837,91.7926,100.468,106.952,110.32,
-0.869427,0.869427,2.60914,4.35145,6.09812,7.85104,9.61218,11.3837,13.1679,14.9674,16.785,18.624,20.4879,22.3809,24.3074,26.2726,28.2821,30.3422,32.4599,34.6431,36.9015,39.2495,41.7118,44.3341,47.1981,50.4328,54.2081,58.69,63.9511,69.8605,76.0172,81.7959,86.5247,89.7188,
-0.804003,0.804003,2.41294,4.02468,5.64116,7.26439,8.89652,10.5399,12.1969,13.8705,15.5637,17.28,19.0231,20.7974,22.6078,24.4597,26.359,28.3124,30.3272,32.4114,34.5741,36.8267,39.185,41.6742,44.3341,47.2243,50.42,53.9916,57.9647,62.2719,66.7226,71.0231,74.8528,77.967,
-0.742533,0.742533,2.22859,3.71764,5.21174,6.71305,8.22384,9.74657,11.2839,12.8389,14.4147,16.0149,17.6438,19.3057,21.0058,22.7498,24.5439,26.395,28.3108,30.2994,32.3699,34.5324,36.7989,39.1851,41.7118,44.4065,47.3009,50.421,53.7706,57.3109,60.9483,64.5431,67.9424,71.0252,
-0.684912,0.684912,2.05578,3.42979,4.80912,6.19602,7.5929,9.00234,10.4271,11.8704,13.3356,14.8264,16.3471,17.9025,19.4977,21.1388,22.8321,24.5848,26.4046,28.3,30.2799,32.3539,34.5324,36.8267,39.2495,41.8144,44.5342,47.4162,50.4551,53.6248,56.874,60.1311,63.3186,66.3751,
-0.630974,0.630974,1.894,3.16031,4.43213,5.71183,7.00188,8.30498,9.62403,10.9622,12.3231,13.7106,15.129,16.5832,18.0786,19.6212,21.2176,22.8751,24.6014,26.4049,28.2947,30.2799,32.3699,34.5741,36.9015,39.3597,41.9539,44.6839,47.5412,50.506,53.5452,56.6165,59.6752,62.6857,
-0.580516,0.580516,1.74266,2.90817,4.07935,5.25862,6.44852,7.65181,8.87148,10.1108,11.3733,12.6631,13.9845,15.3425,16.7426,18.1907,19.6935,21.2583,22.8929,24.6055,26.4049,28.3,30.2994,32.4114,34.6431,36.9994,39.4824,42.0893,44.8109,47.6305,50.5239,53.4612,56.4118,59.3498,
-0.533308,0.533308,1.60106,2.67222,3.74916,4.8343,5.93026,7.03982,8.16599,9.31208,10.4817,11.679,12.9082,14.1744,15.4831,16.8402,18.2523,19.7266,21.2708,22.8929,24.6014,26.4046,28.3108,30.3272,32.4599,34.7125,37.0857,39.5757,42.1737,44.8652,47.6301,50.4448,53.2841,56.1257,
-0.489105,0.489105,1.46845,2.45124,3.43983,4.43669,5.44441,6.4658,7.50388,8.56196,9.64366,10.753,11.8944,13.0728,14.2936,15.5626,16.8864,18.2719,19.7266,21.2583,22.8751,24.5848,26.395,28.3124,30.3422,32.4873,34.7476,37.1193,39.594,42.1586,44.7958,47.4848,50.2033,52.9297,
-0.447655,0.447655,1.3441,2.24398,3.14963,4.0635,4.9882,5.92649,6.88138,7.85615,8.85437,9.88002,10.9374,12.0314,13.1673,14.3508,15.5883,16.8864,18.2523,19.6935,21.2177,22.8321,24.5439,26.359,28.2821,30.3155,32.4589,34.7084,37.0563,39.4905,41.9954,44.552,47.1396,49.7371,
-0.40871,0.40871,1.22725,2.04917,2.87679,3.71251,4.5589,5.41868,6.29479,7.19046,8.10919,9.05484,10.0317,11.0443,12.098,13.1981,14.3508,15.5626,16.8402,18.1907,19.6213,21.1388,22.7498,24.4597,26.2726,28.1905,30.2129,32.336,34.5525,36.8514,39.2183,41.6355,44.0835,46.5418,
-0.372025,0.372025,1.11717,1.86561,2.61961,3.38153,4.15384,4.93921,5.7405,6.56083,7.40359,8.27253,9.17174,10.1057,11.0793,12.098,13.1673,14.2936,15.4831,16.7426,18.0787,19.4978,21.0058,22.6078,24.3074,26.1063,28.0038,29.9964,32.0771,34.2359,36.4592,38.7307,41.0319,43.3431,
-0.337366,0.337366,1.01315,1.69213,2.37647,3.06846,3.77049,4.48511,5.21508,5.96339,6.73331,7.52841,8.3526,9.21014,10.1057,11.0443,12.0315,13.0728,14.1744,15.3425,16.5832,17.9025,19.3057,20.7974,22.3809,24.0576,25.8267,27.685,29.6259,31.64,33.7149,35.8351,37.9835,40.1415,
-0.304512,0.304512,0.914545,1.52762,2.14583,2.77134,3.40643,4.05353,4.71528,5.39452,6.09433,6.81809,7.56951,8.3526,9.17174,10.0317,10.9374,11.8944,12.9082,13.9845,15.129,16.3471,17.6438,19.0231,20.488,22.0396,23.6773,25.3978,27.1952,29.0607,30.9827,32.9471,34.9377,36.9373,
-0.273255,0.273255,0.820717,1.37105,1.92623,2.4883,3.05941,3.64185,4.2381,4.85081,5.48289,6.1375,6.81809,7.52841,8.27254,9.05485,9.88003,10.753,11.679,12.6631,13.7106,14.8264,16.015,17.28,18.624,20.0481,21.5516,23.1313,24.7819,26.4953,28.2607,30.0652,31.894,33.731,
-0.2434,0.2434,0.731089,1.22146,1.71634,2.21763,2.72735,3.24761,3.78072,4.32914,4.89556,5.48289,6.09433,6.73332,7.4036,8.10919,8.85438,9.64367,10.4817,11.3733,12.3231,13.3356,14.4147,15.5637,16.785,18.0794,19.4462,20.8826,22.3835,23.9417,25.5473,27.1886,28.852,30.523,
-0.214768,0.214768,0.64512,1.07793,1.51489,1.95773,2.4083,2.86854,3.34056,3.82661,4.32914,4.85081,5.39452,5.9634,6.56084,7.19047,7.85616,8.56197,9.31209,10.1108,10.9622,11.8704,12.8389,13.8706,14.9674,16.1302,17.3582,18.6489,19.9977,21.3981,22.8412,24.3164,25.8116,27.3134,
-0.187192,0.187192,0.562311,0.93965,1.32073,1.70712,2.10047,2.50255,2.91524,3.34056,3.78072,4.2381,4.71529,5.21508,5.74051,6.2948,6.88139,7.50389,8.166,8.87149,9.62405,10.4272,11.284,12.197,13.1679,14.1974,15.2849,16.4279,17.6226,18.8629,20.1412,21.4479,22.7723,24.1027,
-0.160516,0.160516,0.482199,0.805843,1.13279,1.46443,1.80221,2.1477,2.50255,2.86855,3.24762,3.64186,4.05354,4.48511,4.93922,5.41869,5.9265,6.46581,7.03983,7.65183,8.30499,9.00235,9.74659,10.5399,11.3837,12.2786,13.2239,14.2177,15.2564,16.3348,17.4463,18.5825,19.7341,20.8909,
-0.134599,0.134599,0.404355,0.675798,0.95008,1.22839,1.512,1.80222,2.10047,2.4083,2.72735,3.05941,3.40643,3.77049,4.15385,4.55891,4.98821,5.44442,5.93027,6.44853,7.0019,7.59291,8.22385,8.89653,9.61219,10.3713,11.1732,12.0163,12.8975,13.8126,14.7556,15.7196,16.6967,17.6783,
-0.109305,0.109305,0.328379,0.548851,0.771677,0.997845,1.22839,1.46443,1.70712,1.95773,2.21764,2.48831,2.77134,3.06847,3.38153,3.71252,4.06351,4.4367,4.83431,5.25863,5.71184,6.19603,6.71306,7.2644,7.85105,8.47336,9.13086,9.82215,10.5447,11.295,12.0683,12.8588,13.6601,14.4649,
-0.0845109,0.0845109,0.253897,0.424382,0.596716,0.771677,0.95008,1.13279,1.32073,1.51489,1.71634,1.92624,2.14584,2.37648,2.61962,2.87679,3.14963,3.43984,3.74916,4.07936,4.43214,4.80913,5.21175,5.64117,6.09813,6.58291,7.09514,7.63372,8.19669,8.78126,9.38374,9.99967,10.6239,11.2511,
-0.0600975,0.0600975,0.180555,0.301803,0.424382,0.548852,0.675799,0.805844,0.939651,1.07793,1.22146,1.37106,1.52763,1.69213,1.86561,2.04917,2.24398,2.45125,2.67223,2.90818,3.16032,3.4298,3.71765,4.02469,4.35145,4.69813,5.06445,5.44962,5.85226,6.27034,6.70124,7.14176,7.58825,8.03675,
-0.0359523,0.0359523,0.108015,0.180555,0.253897,0.32838,0.404356,0.4822,0.562312,0.645121,0.73109,0.820719,0.914548,1.01316,1.11717,1.22725,1.34411,1.46846,1.60106,1.74267,1.89401,2.05578,2.2286,2.41294,2.60914,2.81731,3.03728,3.26857,3.51036,3.76142,4.02018,4.28471,4.55283,4.82217,
-0.0119665,0.0119665,0.0359523,0.0600975,0.0845109,0.109305,0.134599,0.160517,0.187192,0.214769,0.243401,0.273255,0.304513,0.337367,0.372026,0.408711,0.447657,0.489106,0.533309,0.580517,0.630975,0.684913,0.742535,0.804004,0.869429,0.938845,1.0122,1.08933,1.16995,1.25368,1.33997,1.42818,1.51759,1.60741,
0.0119665,-0.0119665,-0.0359523,-0.0600975,-0.0845109,-0.109305,-0.134599,-0.160517,-0.187192,-0.214769,-0.243401,-0.273255,-0.304513,-0.337367,-0.372026,-0.408711,-0.447657,-0.489106,-0.533309,-0.580517,-0.630975,-0.684913,-0.742535,-0.804004,-0.869429,-0.938845,-1.0122,-1.08933,-1.16995,-1.25368,-1.33997,-1.42818,-1.51759,-1.60741,
