-1.80925,1.80925,5.41982,9.01771,12.6082,16.1945,19.7786,23.3615,26.944,30.5262,34.1083,37.6903,41.2724,44.8546,48.4373,52.0216,55.6103,59.2114,62.846,66.5687,70.5172,75.0216,80.8198,89.4105,103.49,127.21,165.741,223.547,301.4,393.337,485.724,560.009,598.717,592.275,
-1.31575,1.31575,3.95518,6.60729,9.26684,11.9305,14.5964,17.2635,19.931,22.5988,25.2667,27.9347,30.6026,33.2704,35.9377,38.6037,41.2664,43.9217,46.5638,49.1928,51.8437,54.6721,58.1479,63.4094,72.7538,90.0613,120.708,170.388,242.509,334.619,435.645,526.572,586.025,598.717,
-0.869147,0.869147,2.62714,4.41682,6.22542,8.04475,9.86985,11.6979,13.5275,15.3577,17.1882,19.0189,20.8494,22.6796,24.5084,26.3332,28.1474,29.9356,31.6671,33.2901,34.7411,36.0019,37.2619,39.2448,43.7088,53.976,75.1545,113.519,174.434,258.639,358.227,455.62,528.339,558.242,
-0.527832,0.527832,1.60682,2.72376,3.864,5.01781,6.17911,7.34436,8.51159,9.67978,10.8484,12.0172,13.1859,14.3539,15.52,16.6802,17.8248,18.9307,19.9504,20.797,21.338,21.4278,21.0308,20.5004,21.0364,25.2458,37.5739,64.1427,111.228,181.768,270.907,363.953,440.123,481.245,
-0.296873,0.296873,0.911307,1.55985,2.23004,2.9132,3.60373,4.29825,4.99483,5.69243,6.3905,7.08873,7.78685,8.4843,9.17949,9.86812,10.5392,11.167,11.6975,12.0297,11.9996,11.3935,10.0327,7.98955,5.96798,5.82498,11.0998,27.1794,60.3075,114.629,187.932,269.148,340.939,387.017,
-0.155864,0.155864,0.482915,0.835598,1.20512,1.58505,1.97109,2.36052,2.75176,3.14391,3.53649,3.92922,4.32185,4.71382,5.10365,5.48722,5.85406,6.1798,6.41289,6.45549,6.14438,5.2502,3.53005,0.879625,-2.3769,-5.04796,-4.53899,3.50924,24.6876,63.5331,119.841,186.094,248.968,294.941,
-0.0769656,0.0769656,0.240852,0.42165,0.613954,0.813618,1.01773,1.22438,1.43243,1.6412,1.85032,2.05956,2.26871,2.47731,2.68408,2.88553,3.07282,3.22534,3.29939,3.21131,2.81887,1.91349,0.24823,-2.36383,-5.84524,-9.51189,-11.5893,-8.76453,3.62539,29.9528,71.3083,123.088,175.643,218.292,
-0.0359905,0.0359905,0.113812,0.20171,0.296715,0.396418,0.499048,0.603405,0.708731,0.814574,0.920674,1.02687,1.13299,1.23868,1.34295,1.4431,1.53229,1.59462,1.59625,1.4721,1.10994,0.340367,-1.05101,-3.26483,-6.35276,-9.9652,-12.9456,-12.8729,-6.02703,11.4968,41.4525,81.3001,124.282,162.167,
-0.0160335,0.0160335,0.0512537,0.0920011,0.136788,0.184334,0.233653,0.284049,0.335067,0.386426,0.437958,0.489554,0.541096,0.592326,0.642533,0.689781,0.72917,0.749296,0.725901,0.612073,0.326145,-0.257766,-1.30619,-2.99357,-5.41681,-8.41601,-11.2494,-12.1708,-8.27267,3.78,25.9488,56.978,92.1453,125.126,
-0.00684056,0.00684056,0.0221098,0.0402079,0.0604467,0.0821962,0.104947,0.128323,0.15207,0.176027,0.200093,0.224199,0.248267,0.272125,0.295293,0.316469,0.332363,0.335319,0.309041,0.221904,0.0184502,-0.388122,-1.1162,-2.29849,-4.02938,-6.23952,-8.44094,-9.35668,-6.71085,2.28812,19.546,44.514,73.7941,102.449,
-0.0028076,0.0028076,0.0091768,0.0169107,0.0257132,0.0352942,0.0454068,0.0558614,0.0665246,0.0773082,0.0881561,0.0990279,0.109875,0.120588,0.130863,0.139874,0.145535,0.142999,0.12194,0.0622706,-0.0714311,-0.335223,-0.807218,-1.57874,-2.72201,-4.2017,-5.67478,-6.1725,-3.87746,3.54798,17.8406,38.7957,63.8345,88.9854,
-0.00111289,0.00111289,0.00367883,0.00687028,0.0105681,0.0146466,0.0189926,0.0235158,0.0281499,0.0328498,0.0375855,0.0423346,0.0470685,0.0517215,0.0561104,0.0597388,0.0613538,0.0580453,0.0436091,0.00595745,-0.0763159,-0.237363,-0.525488,-0.998627,-1.70398,-2.61377,-3.46468,-3.48412,-1.17329,5.45572,17.9492,36.2486,58.2702,80.6974,
-0.000427474,0.000427474,0.00142917,0.002705,0.00421007,0.00589276,0.00770397,0.00960263,0.0115575,0.0135466,0.0155547,0.0175698,0.0195761,0.021536,0.0233446,0.0247178,0.0249394,0.0223456,0.0133885,-0.00885492,-0.0566834,-0.149837,-0.316533,-0.591043,-1.00018,-1.51427,-1.91403,-1.55104,0.856269,7.03815,18.3708,34.8467,54.6844,75.0092,
-0.000159579,0.000159579,0.000539594,0.00103508,0.00163021,0.00230487,0.00303871,0.00381393,0.00461643,0.00543593,0.0062651,0.00709786,0.00792569,0.0087281,0.00944781,0.00992962,0.00978241,0.00809774,0.00293726,-0.00948632,-0.035919,-0.0872402,-0.179116,-0.330576,-0.55435,-0.817296,-0.925809,-0.311943,2.15648,8.02179,18.5215,33.6591,51.8467,70.5142,
-5.80436e-05,5.80436e-05,0.000198496,0.000385895,0.000615068,0.000878547,0.00116827,0.00147683,0.00179812,0.00212754,0.00246168,0.00279757,0.00313084,0.00345081,0.00372751,0.00387978,0.00370309,0.0027222,-7.75869e-05,-0.00668176,-0.0206356,-0.0476801,-0.0961238,-0.175888,-0.291008,-0.405972,-0.343846,0.40826,2.87571,8.46042,18.2893,32.3627,49.2271,66.5345,
-2.06165e-05,2.06165e-05,7.13011e-05,0.000140476,0.000226598,0.000327033,0.000438714,0.000558673,0.000684373,0.000813822,0.000945489,0.00107798,0.00120914,0.00133363,0.0014364,0.00147672,0.00135187,0.000823078,-0.000620039,-0.00397781,-0.011041,-0.0247206,-0.0492408,-0.0894066,-0.144354,-0.177718,-0.0249273,0.786092,3.19917,8.50569,17.7421,30.9026,46.6371,62.7727,
-7.16476e-06,7.16476e-06,2.50576e-05,5.00263e-05,8.16699e-05,0.000119106,0.000161213,0.000206846,0.000254984,0.000304794,0.000355614,0.00040681,0.000457362,0.000504692,0.000541544,0.000548239,0.000475137,0.000206724,-0.000504262,-0.00214341,-0.00558243,-0.012244,-0.0241907,-0.0435045,-0.0667948,-0.0580506,0.136955,0.957173,3.27917,8.3014,16.9831,29.3122,44.0275,59.1056,
-2.44042e-06,2.44042e-06,8.63025e-06,1.74581e-05,2.88448e-05,4.25117e-05,5.80642e-05,7.50752e-05,9.3147e-05,0.000111943,0.000131185,0.000150595,0.000169703,0.000187315,0.000200054,0.000198755,0.000160274,3.06872e-05,-0.000305645,-0.00107636,-0.00269139,-0.00582262,-0.0114363,-0.0202355,-0.0276761,0.0011128,0.210928,1.0116,3.22016,7.9519,16.0967,27.6377,41.3949,55.4818,
-8.15949e-07,8.15949e-07,2.91746e-06,5.97923e-06,9.99802e-06,1.48918e-05,2.05272e-05,2.675e-05,3.341e-05,4.03751e-05,4.75318e-05,5.47608e-05,6.1855e-05,6.82782e-05,7.25126e-05,7.04333e-05,5.16112e-05,-8.29733e-06,-0.000161609,-0.000511594,-0.00124488,-0.00266878,-0.00521474,-0.00892325,-0.00884371,0.0282903,0.238247,1.00374,3.08623,7.52312,15.1393,25.9142,38.7463,51.8791,
-2.68154e-07,2.68154e-07,9.69324e-07,2.01245e-06,3.40546e-06,5.12646e-06,7.13219e-06,9.36874e-06,1.17809e-05,1.43184e-05,1.69361e-05,1.95845e-05,2.21746e-05,2.44737e-05,2.58215e-05,2.44204e-05,1.57184e-05,-1.09321e-05,-7.84721e-05,-0.000232328,-0.00055492,-0.00118263,-0.00229546,-0.00363606,-0.000234963,0.0393133,0.241912,0.964126,2.91381,7.05316,14.1445,24.1643,36.0882,48.2869,
-8.67267e-08,8.67267e-08,3.16909e-07,6.66426e-07,1.14121e-06,1.73629e-06,2.43829e-06,3.22894e-06,4.08854e-06,4.99835e-06,5.94094e-06,6.89631e-06,7.82736e-06,8.63616e-06,9.04403e-06,8.29118e-06,4.44955e-06,-7.00145e-06,-3.58299e-05,-0.000101446,-0.000239218,-0.000507983,-0.000973729,-0.00125989,0.00342889,0.0425023,0.234062,0.908966,2.72242,6.5627,13.1307,22.4009,33.4251,44.6999,
-2.76335e-08,2.76335e-08,1.02063e-07,2.17366e-07,3.76651e-07,5.79187e-07,8.21044e-07,1.09623e-06,1.3979e-06,1.71926e-06,2.05372e-06,2.3934e-06,2.72327e-06,3.00328e-06,3.11918e-06,2.75885e-06,1.12845e-06,-3.63828e-06,-1.55869e-05,-4.27874e-05,-0.000100012,-0.000211975,-0.000394974,-0.000237648,0.00478855,0.0420295,0.220806,0.846467,2.52201,6.06241,12.1078,20.6307,30.7594,41.1156,
-8.68266e-09,8.68266e-09,3.2411e-08,6.98974e-08,1.2255e-07,1.90463e-07,2.72562e-07,3.66945e-07,4.71296e-07,5.83209e-07,7.00251e-07,8.19394e-07,9.34705e-07,1.03024e-06,1.06042e-06,9.00414e-07,2.31989e-07,-1.69527e-06,-6.51375e-06,-1.74931e-05,-4.06479e-05,-8.61012e-05,-0.000149596,0.000176416,0.00511059,0.0399018,0.205095,0.780617,2.31745,5.55756,11.0806,18.8574,28.0925,37.5325,
-2.69267e-09,2.69267e-09,1.01573e-08,2.21786e-08,3.93421e-08,6.17973e-08,8.92784e-08,1.21204e-07,1.56811e-07,1.95266e-07,2.35691e-07,2.76948e-07,3.16753e-07,3.4892e-07,3.55718e-07,2.88481e-07,2.27847e-08,-7.35705e-07,-2.62967e-06,-6.95203e-06,-1.60935e-05,-3.41029e-05,-4.89678e-05,0.00032592,0.00497988,0.0370492,0.188304,0.713283,2.11103,5.05064,10.0515,17.0826,25.4249,33.9501,
-8.24834e-10,8.24834e-10,3.14392e-09,6.9495e-09,1.24713e-08,1.97982e-08,2.88761e-08,3.95344e-08,5.15281e-08,6.45751e-08,7.83652e-08,9.24798e-08,1.0606e-07,1.16763e-07,1.17855e-07,9.08081e-08,-1.18896e-08,-3.03018e-07,-1.02981e-06,-2.69195e-06,-6.21839e-06,-1.31924e-05,-9.31039e-06,0.000363711,0.00465732,0.033888,0.171051,0.64531,1.90381,4.54282,9.02142,15.3071,22.7571,30.3679,
-2.49754e-10,2.49754e-10,9.61786e-10,2.15192e-09,3.90643e-09,6.26733e-09,9.22863e-09,1.27428e-08,1.67333e-08,2.11068e-08,2.57558e-08,3.05296e-08,3.51121e-08,3.86361e-08,3.86013e-08,2.81098e-08,-1.05821e-08,-1.19747e-07,-3.92443e-07,-1.01765e-06,-2.34868e-06,-4.99168e-06,5.37763e-06,0.000355614,0.00425567,0.0305991,0.153606,0.577069,1.69625,4.03462,7.99101,13.5313,20.0892,26.7858,
-7.48e-11,7.48e-11,2.90991e-10,6.58915e-10,1.20988e-09,1.96162e-09,2.91619e-09,4.06122e-09,5.37349e-09,6.82277e-09,8.37254e-09,9.96963e-09,1.15002e-08,1.26498e-08,1.25096e-08,8.56536e-09,-5.67253e-09,-4.57235e-08,-1.45901e-07,-3.76236e-07,-8.68409e-07,-1.84986e-06,1.01038e-05,0.000329149,0.00382222,0.0272586,0.136082,0.508719,1.48855,3.52625,6.96037,11.7553,17.4212,23.2038,
-2.21711e-11,2.21711e-11,8.7122e-11,1.99627e-10,3.70721e-10,6.07395e-10,9.11629e-10,1.28053e-09,1.70728e-09,2.18229e-09,2.69341e-09,3.22221e-09,3.72848e-09,4.10052e-09,4.01453e-09,2.57197e-09,-2.55424e-09,-1.69514e-08,-5.30287e-08,-1.36243e-07,-3.14743e-07,-6.72267e-07,1.09513e-05,0.000295505,0.0033763,0.0238977,0.118527,0.440324,1.28076,3.01762,5.92921,9.97872,14.7528,19.6222,
-6.50731e-12,6.50731e-12,2.5826e-11,5.98729e-11,1.12442e-10,1.86158e-10,2.8208e-10,3.99656e-10,5.3696e-10,6.91025e-10,8.57872e-10,1.03124e-09,1.19718e-09,1.31675e-09,1.27674e-09,7.62007e-10,-1.04657e-09,-6.12376e-09,-1.88759e-08,-4.83898e-08,-1.11956e-07,-2.39855e-07,1.03226e-05,0.000259119,0.00292558,0.020529,0.10096,0.37186,1.07258,2.50782,4.89604,8.20001,12.0836,16.0414,
-1.89215e-12,1.89215e-12,7.58366e-12,1.77857e-11,3.37754e-11,5.65009e-11,8.64334e-11,1.23523e-10,1.67251e-10,2.1672e-10,2.70652e-10,3.26952e-10,3.80874e-10,4.1908e-10,4.0268e-10,2.23075e-10,-4.03046e-10,-2.16159e-09,-6.59032e-09,-1.68776e-08,-3.91271e-08,-8.41032e-08,9.14394e-06,0.000221706,0.00247306,0.0171573,0.0833273,0.302878,0.862461,1.99372,3.85667,6.41565,9.41199,12.463,
-5.45286e-13,5.45286e-13,2.20681e-12,5.23495e-12,1.00513e-11,1.69884e-11,2.62363e-11,3.78204e-11,5.16095e-11,6.73389e-11,8.46055e-11,1.02721e-10,1.20097e-10,1.32241e-10,1.26017e-10,6.46271e-11,-1.48295e-10,-7.47057e-10,-2.2595e-09,-5.78597e-09,-1.34459e-08,-2.90035e-08,7.76446e-06,0.000183917,0.00201988,0.0137307,0.0651675,0.231529,0.645907,1.46791,2.80256,4.61897,6.73575,8.88925,
-1.55466e-13,1.55466e-13,6.35126e-13,1.52336e-12,2.9563e-12,5.04697e-12,7.86696e-12,1.1437e-11,1.57269e-11,2.0661e-11,2.61149e-11,3.18669e-11,3.73952e-11,4.12176e-11,3.89862e-11,1.84861e-11,-5.23783e-11,-2.51949e-10,-7.57485e-10,-1.94033e-09,-4.51975e-09,-9.78133e-09,6.31311e-06,0.000145993,0.00153022,0.0098942,0.0448459,0.153177,0.41387,0.91758,1.72037,2.80025,4.05154,5.32346,
-3.94842e-14,3.94842e-14,1.6218e-13,3.91537e-13,7.64816e-13,1.31398e-12,2.06058e-12,3.01273e-12,4.1646e-12,5.49738e-12,6.97794e-12,8.54471e-12,1.00501e-11,1.10739e-11,1.03868e-11,4.54652e-12,-1.54653e-11,-7.16051e-11,-2.13447e-10,-5.44677e-10,-1.26592e-09,-2.73563e-09,4.8373e-06,8.88609e-05,0.000792452,0.00454017,0.0187597,0.059689,0.152843,0.325693,0.593668,0.948126,1.35559,1.76941,
3.94842e-14,-3.94842e-14,-1.6218e-13,-3.91537e-13,-7.64816e-13,-1.31398e-12,-2.06058e-12,-3.01273e-12,-4.1646e-12,-5.49738e-12,-6.97794e-12,-8.54471e-12,-1.00501e-11,-1.10739e-11,-1.03868e-11,-4.54652e-12,1.54653e-11,7.16051e-11,2.13447e-10,5.44677e-10,1.26592e-09,2.73563e-09,-4.8373e-06,-8.88609e-05,-0.000792452,-0.00454017,-0.0187597,-0.059689,-0.152843,-0.325693,-0.593668,-0.948126,-1.35559,-1.76941,
