2.48967e-09,-2.48967e-09,-4.60879e-09,-5.80165e-09,-6.39687e-09,-6.39305e-09,-5.89873e-09,-4.96736e-09,-2.90618e-09,2.90618e-09,
-2.48967e-09,2.48967e-09,4.60879e-09,5.80165e-09,6.39687e-09,6.39305e-09,5.89873e-09,4.96736e-09,2.90618e-09,-2.90618e-09,
-4.79466e-09,4.79466e-09,9.83318e-09,1.24348e-08,1.33698e-08,1.32272e-08,1.23605e-08,1.02471e-08,5.22118e-09,-5.22118e-09,
-6.13637e-09,6.13637e-09,1.2652e-08,1.57554e-08,1.68896e-08,1.70253e-08,1.61135e-08,1.30044e-08,6.25475e-09,-6.25475e-09,
-6.70524e-09,6.70524e-09,1.36362e-08,1.70422e-08,1.86972e-08,1.9216e-08,1.80754e-08,1.43932e-08,6.87207e-09,-6.87207e-09,
-6.5314e-09,6.5314e-09,1.35364e-08,1.74103e-08,1.95014e-08,2.00211e-08,1.87473e-08,1.49852e-08,7.17334e-09,-7.17334e-09,
-5.92415e-09,5.92415e-09,1.27911e-08,1.67341e-08,1.86796e-08,1.90769e-08,1.7888e-08,1.4336e-08,6.80967e-09,-6.80967e-09,
-4.88348e-09,4.88348e-09,1.05482e-08,1.35961e-08,1.49932e-08,1.52201e-08,1.42597e-08,1.14529e-08,5.37988e-09,-5.37988e-09,
-2.59733e-09,2.59733e-09,5.14745e-09,6.33584e-09,6.79501e-09,6.84117e-09,6.46447e-09,5.21667e-09,2.49711e-09,-2.49711e-09,
2.59733e-09,-2.59733e-09,-5.14745e-09,-6.33584e-09,-6.79501e-09,-6.84117e-09,-6.46447e-09,-5.21667e-09,-2.49711e-09,2.49711e-09,
