3.45472e-05,-3.45472e-05,-6.39443e-05,-8.04933e-05,-8.87563e-05,-8.87062e-05,-8.18448e-05,-6.89185e-05,-4.03201e-05,4.03201e-05,
-3.45472e-05,3.45472e-05,6.39443e-05,8.04933e-05,8.87563e-05,8.87062e-05,8.18448e-05,6.89185e-05,4.03201e-05,-4.03201e-05,
-6.65208e-05,6.65208e-05,0.000136425,0.000172526,0.000185503,0.000183522,0.00017149,0.000142167,7.24422e-05,-7.24422e-05,
-8.51319e-05,8.51319e-05,0.000175535,0.000218596,0.000234329,0.000236206,0.000223554,0.000180424,8.67792e-05,-8.67792e-05,
-9.30255e-05,9.30255e-05,0.000189189,0.000236442,0.000259396,0.000266593,0.000250773,0.000199686,9.53354e-05,-9.53354e-05,
-9.06159e-05,9.06159e-05,0.000187801,0.000241541,0.00027055,0.000277765,0.000260092,0.000207891,9.95124e-05,-9.95124e-05,
-8.21883e-05,8.21883e-05,0.000177454,0.000232157,0.000259153,0.000264665,0.000248164,0.000198885,9.44696e-05,-9.44696e-05,
-6.77455e-05,6.77455e-05,0.000146334,0.000188624,0.000208007,0.000211152,0.000197827,0.000158888,7.46378e-05,-7.46378e-05,
-3.60274e-05,3.60274e-05,7.14084e-05,8.78962e-05,9.42646e-05,9.49046e-05,8.96802e-05,7.23725e-05,3.46418e-05,-3.46418e-05,
3.60274e-05,-3.60274e-05,-7.14084e-05,-8.78962e-05,-9.42646e-05,-9.49046e-05,-8.96802e-05,-7.23725e-05,-3.46418e-05,3.46418e-05,
