7.34471e-11,-7.34471e-11,-1.3672e-10,-1.5877e-10,-1.65998e-10,-1.71385e-10,-1.6758e-10,-1.38401e-10,-7.03459e-11,7.03459e-11,
-7.34471e-11,7.34471e-11,1.3672e-10,1.5877e-10,1.65998e-10,1.71385e-10,1.6758e-10,1.38401e-10,7.03459e-11,-7.03459e-11,
-1.39599e-10,1.39599e-10,2.72523e-10,3.37109e-10,3.73092e-10,3.83876e-10,3.53139e-10,2.69119e-10,1.26211e-10,-1.26211e-10,
-1.64144e-10,1.64144e-10,3.40904e-10,4.44906e-10,4.99914e-10,5.00956e-10,4.44936e-10,3.39729e-10,1.63839e-10,-1.63839e-10,
-1.71885e-10,1.71885e-10,3.80541e-10,5.05026e-10,5.56581e-10,5.44989e-10,4.90788e-10,3.87609e-10,1.86129e-10,-1.86129e-10,
-1.76216e-10,1.76216e-10,3.93668e-10,5.09412e-10,5.49359e-10,5.46841e-10,5.0783e-10,4.00338e-10,1.83156e-10,-1.83156e-10,
-1.68016e-10,1.68016e-10,3.5901e-10,4.52528e-10,4.95825e-10,5.0707e-10,4.70519e-10,3.62417e-10,1.6134e-10,-1.6134e-10,
-1.31267e-10,1.31267e-10,2.67918e-10,3.41685e-10,3.83092e-10,3.91214e-10,3.57235e-10,2.73117e-10,1.24533e-10,-1.24533e-10,
-6.19898e-11,6.19898e-11,1.20823e-10,1.55634e-10,1.73891e-10,1.73815e-10,1.55668e-10,1.2304e-10,6.45212e-11,-6.45212e-11,
6.19898e-11,-6.19898e-11,-1.20823e-10,-1.55634e-10,-1.73891e-10,-1.73815e-10,-1.55668e-10,-1.2304e-10,-6.45212e-11,6.45212e-11,
