1.03018e-07,-1.03018e-07,-1.91765e-07,-2.22693e-07,-2.3283e-07,-2.40387e-07,-2.3505e-07,-1.94122e-07,-9.86677e-08,9.86677e-08,
-1.03018e-07,1.03018e-07,1.91765e-07,2.22693e-07,2.3283e-07,2.40387e-07,2.3505e-07,1.94122e-07,9.86677e-08,-9.86677e-08,
-1.95803e-07,1.95803e-07,3.82243e-07,4.72832e-07,5.23302e-07,5.38429e-07,4.95317e-07,3.77469e-07,1.77025e-07,-1.77025e-07,
-2.30231e-07,2.30231e-07,4.78155e-07,6.2403e-07,7.01184e-07,7.02646e-07,6.24072e-07,4.76508e-07,2.29803e-07,-2.29803e-07,
-2.41087e-07,2.41087e-07,5.33751e-07,7.08355e-07,7.80667e-07,7.64408e-07,6.88385e-07,5.43665e-07,2.61066e-07,-2.61066e-07,
-2.47163e-07,2.47163e-07,5.52163e-07,7.14507e-07,7.70537e-07,7.67004e-07,7.12288e-07,5.61518e-07,2.56897e-07,-2.56897e-07,
-2.35661e-07,2.35661e-07,5.03552e-07,6.3472e-07,6.95448e-07,7.11222e-07,6.59954e-07,5.0833e-07,2.26297e-07,-2.26297e-07,
-1.84117e-07,1.84117e-07,3.75785e-07,4.79251e-07,5.37328e-07,5.48721e-07,5.01062e-07,3.83077e-07,1.74671e-07,-1.74671e-07,
-8.69474e-08,8.69474e-08,1.69467e-07,2.18294e-07,2.43901e-07,2.43795e-07,2.18341e-07,1.72577e-07,9.0498e-08,-9.0498e-08,
8.69474e-08,-8.69474e-08,-1.69467e-07,-2.18294e-07,-2.43901e-07,-2.43795e-07,-2.18341e-07,-1.72577e-07,-9.0498e-08,9.0498e-08,
