8.2216e-10,-8.2216e-10,-1.53043e-09,-1.77726e-09,-1.85816e-09,-1.91847e-09,-1.87587e-09,-1.54924e-09,-7.87443e-10,7.87443e-10,
-8.2216e-10,8.2216e-10,1.53043e-09,1.77726e-09,1.85816e-09,1.91847e-09,1.87587e-09,1.54924e-09,7.87443e-10,-7.87443e-10,
-1.56266e-09,1.56266e-09,3.05059e-09,3.77356e-09,4.17635e-09,4.29707e-09,3.953e-09,3.01249e-09,1.41279e-09,-1.41279e-09,
-1.83741e-09,1.83741e-09,3.81604e-09,4.98023e-09,5.59598e-09,5.60765e-09,4.98056e-09,3.80289e-09,1.834e-09,-1.834e-09,
-1.92406e-09,1.92406e-09,4.25974e-09,5.65321e-09,6.23031e-09,6.10055e-09,5.49383e-09,4.33885e-09,2.08351e-09,-2.08351e-09,
-1.97254e-09,1.97254e-09,4.40668e-09,5.70231e-09,6.14947e-09,6.12127e-09,5.6846e-09,4.48134e-09,2.05023e-09,-2.05023e-09,
-1.88075e-09,1.88075e-09,4.01872e-09,5.06555e-09,5.5502e-09,5.67609e-09,5.26693e-09,4.05686e-09,1.80602e-09,-1.80602e-09,
-1.46939e-09,1.46939e-09,2.99905e-09,3.82478e-09,4.28829e-09,4.37921e-09,3.99885e-09,3.05724e-09,1.39401e-09,-1.39401e-09,
-6.93906e-10,6.93906e-10,1.35247e-09,1.74215e-09,1.94652e-09,1.94566e-09,1.74252e-09,1.37729e-09,7.22242e-10,-7.22242e-10,
6.93906e-10,-6.93906e-10,-1.35247e-09,-1.74215e-09,-1.94652e-09,-1.94566e-09,-1.74252e-09,-1.37729e-09,-7.22242e-10,7.22242e-10,
