1.29149e-05,-1.29149e-05,-2.404e-05,-2.7917e-05,-2.91883e-05,-3.01361e-05,-2.94668e-05,-2.43355e-05,-1.23692e-05,1.23692e-05,
-1.29149e-05,1.29149e-05,2.404e-05,2.7917e-05,2.91883e-05,3.01361e-05,2.94668e-05,2.43355e-05,1.23692e-05,-1.23692e-05,
-2.45462e-05,2.45462e-05,4.79188e-05,5.92757e-05,6.56032e-05,6.74993e-05,6.20942e-05,4.73209e-05,2.21929e-05,-2.21929e-05,
-2.88625e-05,2.88625e-05,5.99434e-05,7.82309e-05,8.79027e-05,8.80858e-05,7.82358e-05,5.97369e-05,2.88089e-05,-2.88089e-05,
-3.0224e-05,3.0224e-05,6.69134e-05,8.8802e-05,9.78669e-05,9.58287e-05,8.62981e-05,6.81555e-05,3.27284e-05,-3.27284e-05,
-3.09857e-05,3.09857e-05,6.92215e-05,8.95731e-05,9.65969e-05,9.61538e-05,8.92945e-05,7.0394e-05,3.2206e-05,-3.2206e-05,
-2.95438e-05,2.95438e-05,6.31271e-05,7.95704e-05,8.71833e-05,8.9161e-05,8.27342e-05,6.37262e-05,2.83698e-05,-2.83698e-05,
-2.30817e-05,2.30817e-05,4.71095e-05,6.00804e-05,6.73615e-05,6.87897e-05,6.28149e-05,4.80243e-05,2.1898e-05,-2.1898e-05,
-1.09002e-05,1.09002e-05,2.12453e-05,2.73666e-05,3.05767e-05,3.05632e-05,2.73725e-05,2.16354e-05,1.13455e-05,-1.13455e-05,
1.09002e-05,-1.09002e-05,-2.12453e-05,-2.73666e-05,-3.05767e-05,-3.05632e-05,-2.73725e-05,-2.16354e-05,-1.13455e-05,1.13455e-05,
