0.000145064,-0.000145064,-0.000269961,-0.000313484,-0.000327797,-0.000338481,-0.000330949,-0.000273281,-0.000138908,0.000138908,
-0.000145064,0.000145064,0.000269961,0.000313484,0.000327797,0.000338481,0.000330949,0.000273281,0.000138908,-0.000138908,
-0.000275644,0.000275644,0.000538115,0.000665697,0.000736794,0.00075806,0.000697327,0.000531452,0.000249283,-0.000249283,
-0.000324148,0.000324148,0.000673227,0.000878616,0.000987202,0.000989234,0.000878646,0.000670912,0.000323552,-0.000323552,
-0.000339483,0.000339483,0.000751534,0.000997324,0.0010991,0.00107622,0.000969174,0.000765419,0.000367579,-0.000367579,
-0.000348045,0.000348045,0.000777446,0.00100598,0.00108483,0.00107984,0.00100281,0.000790589,0.000361736,-0.000361736,
-0.000331842,0.000331842,0.000708974,0.000893607,0.000979092,0.00100132,0.00092917,0.000715711,0.000318655,-0.000318655,
-0.00025924,0.00025924,0.000529065,0.000674738,0.000756534,0.000772575,0.000705466,0.000539389,0.000245986,-0.000245986,
-0.000122435,0.000122435,0.000238633,0.000307395,0.000343436,0.000343272,0.000307457,0.000243032,0.000127447,-0.000127447,
0.000122435,-0.000122435,-0.000238633,-0.000307395,-0.000343436,-0.000343272,-0.000307457,-0.000243032,-0.000127447,0.000127447,
