1.15322e-06,-1.15322e-06,-2.14668e-06,-2.4929e-06,-2.60639e-06,-2.69098e-06,-2.63124e-06,-2.17307e-06,-1.10452e-06,1.10452e-06,
-1.15322e-06,1.15322e-06,2.14668e-06,2.4929e-06,2.60639e-06,2.69098e-06,2.63124e-06,2.17307e-06,1.10452e-06,-1.10452e-06,
-2.19189e-06,2.19189e-06,4.27897e-06,5.29306e-06,5.85805e-06,6.02738e-06,5.54476e-06,4.22553e-06,1.98168e-06,-1.98168e-06,
-2.57729e-06,2.57729e-06,5.35265e-06,6.98563e-06,7.84932e-06,7.86568e-06,6.98609e-06,5.33421e-06,2.5725e-06,-2.5725e-06,
-2.69883e-06,2.69883e-06,5.97501e-06,7.9296e-06,8.73908e-06,8.55707e-06,7.70604e-06,6.08599e-06,2.92248e-06,-2.92248e-06,
-2.76684e-06,2.76684e-06,6.18112e-06,7.99847e-06,8.62568e-06,8.58613e-06,7.97362e-06,6.28584e-06,2.87581e-06,-2.87581e-06,
-2.63808e-06,2.63808e-06,5.63695e-06,7.1053e-06,7.78511e-06,7.96168e-06,7.38778e-06,5.69044e-06,2.53326e-06,-2.53326e-06,
-2.06108e-06,2.06108e-06,4.20668e-06,5.36491e-06,6.01506e-06,6.14259e-06,5.60908e-06,4.28831e-06,1.95534e-06,-1.95534e-06,
-9.73324e-07,9.73324e-07,1.89708e-06,2.44367e-06,2.73033e-06,2.72913e-06,2.44419e-06,1.93189e-06,1.01307e-06,-1.01307e-06,
9.73324e-07,-9.73324e-07,-1.89708e-06,-2.44367e-06,-2.73033e-06,-2.72913e-06,-2.44419e-06,-1.93189e-06,-1.01307e-06,1.01307e-06,
