9.20308e-09,-9.20308e-09,-1.71313e-08,-1.98942e-08,-2.07998e-08,-2.14749e-08,-2.09981e-08,-1.73419e-08,-8.81446e-09,8.81446e-09,
-9.20308e-09,9.20308e-09,1.71313e-08,1.98942e-08,2.07998e-08,2.14749e-08,2.09981e-08,1.73419e-08,8.81446e-09,-8.81446e-09,
-1.7492e-08,1.7492e-08,3.41476e-08,4.22404e-08,4.67491e-08,4.81005e-08,4.42491e-08,3.37212e-08,1.58145e-08,-1.58145e-08,
-2.05676e-08,2.05676e-08,4.27159e-08,5.57476e-08,6.26402e-08,6.27708e-08,5.57513e-08,4.25687e-08,2.05294e-08,-2.05294e-08,
-2.15375e-08,2.15375e-08,4.76825e-08,6.32808e-08,6.97407e-08,6.82882e-08,6.14967e-08,4.85682e-08,2.33223e-08,-2.33223e-08,
-2.20802e-08,2.20802e-08,4.93274e-08,6.38304e-08,6.88358e-08,6.85202e-08,6.36321e-08,5.01631e-08,2.29499e-08,-2.29499e-08,
-2.10527e-08,2.10527e-08,4.49847e-08,5.67026e-08,6.21277e-08,6.35369e-08,5.89569e-08,4.54115e-08,2.02162e-08,-2.02162e-08,
-1.64481e-08,1.64481e-08,3.35707e-08,4.28138e-08,4.80021e-08,4.90199e-08,4.47623e-08,3.42221e-08,1.56042e-08,-1.56042e-08,
-7.76743e-09,7.76743e-09,1.51393e-08,1.95012e-08,2.17889e-08,2.17793e-08,1.95054e-08,1.54171e-08,8.08462e-09,-8.08462e-09,
7.76743e-09,-7.76743e-09,-1.51393e-08,-1.95012e-08,-2.17889e-08,-2.17793e-08,-1.95054e-08,-1.54171e-08,-8.08462e-09,8.08462e-09,
