2.29712e-07,-2.29712e-07,-3.51372e-07,-4.54759e-07,-5.39975e-07,-5.96233e-07,-6.48237e-07,-7.3437e-07,-8.0548e-07,-7.68745e-07,-6.74407e-07,-6.19033e-07,-6.01286e-07,-5.7679e-07,-5.2626e-07,-4.63692e-07,-3.32091e-07,3.32091e-07,
-2.29712e-07,2.29712e-07,3.51372e-07,4.54759e-07,5.39975e-07,5.96233e-07,6.48237e-07,7.3437e-07,8.0548e-07,7.68745e-07,6.74407e-07,6.19033e-07,6.01286e-07,5.7679e-07,5.2626e-07,4.63692e-07,3.32091e-07,-3.32091e-07,
-3.63996e-07,3.63996e-07,7.69666e-07,1.06401e-06,1.27751e-06,1.45091e-06,1.63048e-06,1.76076e-06,1.73002e-06,1.59332e-06,1.48705e-06,1.43795e-06,1.39979e-06,1.34093e-06,1.26573e-06,1.12223e-06,6.1958e-07,-6.1958e-07,
-4.83644e-07,4.83644e-07,1.0824e-06,1.51443e-06,1.85323e-06,2.15472e-06,2.36577e-06,2.37807e-06,2.25044e-06,2.1345e-06,2.07604e-06,2.03959e-06,1.99887e-06,1.96158e-06,1.87954e-06,1.49564e-06,6.70825e-07,-6.70825e-07,
-5.76959e-07,5.76959e-07,1.30302e-06,1.86195e-06,2.33447e-06,2.67044e-06,2.76422e-06,2.67857e-06,2.58067e-06,2.53303e-06,2.50835e-06,2.48837e-06,2.49533e-06,2.49655e-06,2.23619e-06,1.58538e-06,6.55994e-07,-6.55994e-07,
-6.34752e-07,6.34752e-07,1.48462e-06,2.17918e-06,2.68852e-06,2.91098e-06,2.90981e-06,2.86213e-06,2.84556e-06,2.8421e-06,2.84107e-06,2.88227e-06,2.95763e-06,2.82126e-06,2.32669e-06,1.59063e-06,6.72484e-07,-6.72484e-07,
-6.98228e-07,6.98228e-07,1.69329e-06,2.42496e-06,2.82212e-06,2.9527e-06,2.99467e-06,3.03514e-06,3.06828e-06,3.09199e-06,3.15956e-06,3.28665e-06,3.24478e-06,2.88828e-06,2.32591e-06,1.62634e-06,6.99608e-07,-6.99608e-07,
-7.94538e-07,7.94538e-07,1.84395e-06,2.46916e-06,2.77725e-06,2.95079e-06,3.08007e-06,3.17221e-06,3.23698e-06,3.3372e-06,3.50201e-06,3.52244e-06,3.27089e-06,2.86113e-06,2.35767e-06,1.67819e-06,7.12554e-07,-7.12554e-07,
-8.50904e-07,8.50904e-07,1.80929e-06,2.35521e-06,2.70881e-06,2.96636e-06,3.14833e-06,3.27821e-06,3.42465e-06,3.62272e-06,3.67811e-06,3.49188e-06,3.19776e-06,2.86255e-06,2.40354e-06,1.71986e-06,7.29517e-07,-7.29517e-07,
-7.6783e-07,7.6783e-07,1.63094e-06,2.21933e-06,2.65198e-06,2.96216e-06,3.18927e-06,3.40887e-06,3.65309e-06,3.73351e-06,3.58063e-06,3.35963e-06,3.14857e-06,2.87031e-06,2.43644e-06,1.78064e-06,8.04357e-07,-8.04357e-07,
-6.08615e-07,6.08615e-07,1.46321e-06,2.11253e-06,2.59052e-06,2.94747e-06,3.26971e-06,3.58548e-06,3.70396e-06,3.5742e-06,3.39158e-06,3.25602e-06,3.10383e-06,2.86481e-06,2.49471e-06,1.91446e-06,8.7914e-07,-8.7914e-07,
-5.00035e-07,5.00035e-07,1.35385e-06,2.02185e-06,2.53384e-06,2.98038e-06,3.39215e-06,3.57361e-06,3.47737e-06,3.32024e-06,3.22715e-06,3.15216e-06,3.044e-06,2.88328e-06,2.60987e-06,1.98854e-06,8.10432e-07,-8.10432e-07,
-4.43406e-07,4.43406e-07,1.26797e-06,1.94041e-06,2.52544e-06,3.05002e-06,3.3143e-06,3.27029e-06,3.14155e-06,3.07379e-06,3.04246e-06,3.01262e-06,2.9856e-06,2.92373e-06,2.61509e-06,1.84347e-06,6.60246e-07,-6.60246e-07,
-3.9808e-07,3.9808e-07,1.18193e-06,1.89358e-06,2.52931e-06,2.88885e-06,2.9223e-06,2.83906e-06,2.79402e-06,2.78661e-06,2.79634e-06,2.83634e-06,2.89315e-06,2.80826e-06,2.37806e-06,1.58375e-06,5.51734e-07,-5.51734e-07,
-3.62835e-07,3.62835e-07,1.13024e-06,1.83088e-06,2.26718e-06,2.39075e-06,2.3736e-06,2.35849e-06,2.36595e-06,2.38928e-06,2.44391e-06,2.53917e-06,2.58646e-06,2.41704e-06,1.96528e-06,1.30315e-06,4.77919e-07,-4.77919e-07,
-3.53243e-07,3.53243e-07,1.01667e-06,1.45357e-06,1.63116e-06,1.67421e-06,1.68966e-06,1.70535e-06,1.72456e-06,1.75897e-06,1.83416e-06,1.93241e-06,1.91094e-06,1.6932e-06,1.34677e-06,9.12253e-07,3.49967e-07,-3.49967e-07,
-2.32643e-07,2.32643e-07,5.0607e-07,6.10624e-07,6.37125e-07,6.53494e-07,6.65937e-07,6.70487e-07,6.72948e-07,7.03127e-07,7.84585e-07,8.20181e-07,7.48282e-07,6.27398e-07,5.00256e-07,3.43191e-07,1.2829e-07,-1.2829e-07,
2.32643e-07,-2.32643e-07,-5.0607e-07,-6.10624e-07,-6.37125e-07,-6.53494e-07,-6.65937e-07,-6.70487e-07,-6.72948e-07,-7.03127e-07,-7.84585e-07,-8.20181e-07,-7.48282e-07,-6.27398e-07,-5.00256e-07,-3.43191e-07,-1.2829e-07,1.2829e-07,
