2.05204e-08,-2.05204e-08,-3.13889e-08,-4.06252e-08,-4.82382e-08,-5.32641e-08,-5.79099e-08,-6.56046e-08,-7.19568e-08,-6.86749e-08,-6.02472e-08,-5.53005e-08,-5.37153e-08,-5.15271e-08,-4.70131e-08,-4.14238e-08,-2.96672e-08,2.96672e-08,
-2.05204e-08,2.05204e-08,3.13889e-08,4.06252e-08,4.82382e-08,5.32641e-08,5.79099e-08,6.56046e-08,7.19568e-08,6.86749e-08,6.02472e-08,5.53005e-08,5.37153e-08,5.15271e-08,4.70131e-08,4.14238e-08,2.96672e-08,-2.96672e-08,
-3.25168e-08,3.25168e-08,6.87574e-08,9.50529e-08,1.14126e-07,1.29617e-07,1.45659e-07,1.57297e-07,1.5455e-07,1.42339e-07,1.32845e-07,1.28459e-07,1.2505e-07,1.19792e-07,1.13074e-07,1.00254e-07,5.53498e-08,-5.53498e-08,
-4.32061e-08,4.32061e-08,9.66961e-08,1.35292e-07,1.65559e-07,1.92492e-07,2.11346e-07,2.12444e-07,2.01042e-07,1.90685e-07,1.85463e-07,1.82207e-07,1.7857e-07,1.75238e-07,1.67909e-07,1.33613e-07,5.99276e-08,-5.99276e-08,
-5.15427e-08,5.15427e-08,1.16406e-07,1.66338e-07,2.0855e-07,2.38564e-07,2.46941e-07,2.3929e-07,2.30544e-07,2.26288e-07,2.24083e-07,2.22299e-07,2.22921e-07,2.2303e-07,1.9977e-07,1.41629e-07,5.86029e-08,-5.86029e-08,
-5.67061e-08,5.67061e-08,1.32629e-07,1.94678e-07,2.4018e-07,2.60053e-07,2.59948e-07,2.55688e-07,2.54209e-07,2.539e-07,2.53808e-07,2.57489e-07,2.64221e-07,2.52038e-07,2.07854e-07,1.42099e-07,6.00764e-08,-6.00764e-08,
-6.23769e-08,6.23769e-08,1.51271e-07,2.16634e-07,2.52114e-07,2.63779e-07,2.67529e-07,2.71145e-07,2.74106e-07,2.76224e-07,2.82261e-07,2.93614e-07,2.89873e-07,2.58024e-07,2.07785e-07,1.45289e-07,6.25001e-08,-6.25001e-08,
-7.09809e-08,7.09809e-08,1.6473e-07,2.20583e-07,2.48106e-07,2.63609e-07,2.75159e-07,2.8339e-07,2.89177e-07,2.9813e-07,3.12853e-07,3.14678e-07,2.92205e-07,2.55599e-07,2.10623e-07,1.49923e-07,6.36571e-08,-6.36571e-08,
-7.60162e-08,7.60162e-08,1.61633e-07,2.10403e-07,2.41992e-07,2.65001e-07,2.81257e-07,2.92861e-07,3.05944e-07,3.23637e-07,3.28585e-07,3.11948e-07,2.85673e-07,2.55728e-07,2.14723e-07,1.53646e-07,6.51729e-08,-6.51729e-08,
-6.85946e-08,6.85946e-08,1.45701e-07,1.98265e-07,2.36916e-07,2.64627e-07,2.84916e-07,3.04534e-07,3.26351e-07,3.33535e-07,3.19876e-07,3.00134e-07,2.8128e-07,2.56421e-07,2.17662e-07,1.59076e-07,7.18588e-08,-7.18588e-08,
-5.43713e-08,5.43713e-08,1.30717e-07,1.88725e-07,2.31427e-07,2.63315e-07,2.92102e-07,3.20311e-07,3.30894e-07,3.19302e-07,3.02989e-07,2.90879e-07,2.77284e-07,2.55931e-07,2.22868e-07,1.71031e-07,7.85394e-08,-7.85394e-08,
-4.46717e-08,4.46717e-08,1.20948e-07,1.80624e-07,2.26363e-07,2.66255e-07,3.0304e-07,3.1925e-07,3.10652e-07,2.96615e-07,2.883e-07,2.81601e-07,2.71939e-07,2.57581e-07,2.33156e-07,1.77648e-07,7.2401e-08,-7.2401e-08,
-3.96131e-08,3.96131e-08,1.13276e-07,1.73349e-07,2.25613e-07,2.72476e-07,2.96085e-07,2.92153e-07,2.80653e-07,2.746e-07,2.71801e-07,2.69136e-07,2.66722e-07,2.61195e-07,2.33621e-07,1.64688e-07,5.8984e-08,-5.8984e-08,
-3.55641e-08,3.55641e-08,1.0559e-07,1.69165e-07,2.25958e-07,2.58078e-07,2.61066e-07,2.53629e-07,2.49607e-07,2.48945e-07,2.49815e-07,2.53388e-07,2.58462e-07,2.50878e-07,2.12446e-07,1.41485e-07,4.929e-08,-4.929e-08,
-3.24155e-08,3.24155e-08,1.00972e-07,1.63564e-07,2.02541e-07,2.13579e-07,2.12047e-07,2.10698e-07,2.11365e-07,2.13449e-07,2.1833e-07,2.26839e-07,2.31064e-07,2.15928e-07,1.75569e-07,1.16418e-07,4.26958e-08,-4.26958e-08,
-3.15584e-08,3.15584e-08,9.08264e-08,1.29856e-07,1.45721e-07,1.49567e-07,1.50948e-07,1.52349e-07,1.54066e-07,1.5714e-07,1.63857e-07,1.72634e-07,1.70715e-07,1.51263e-07,1.20315e-07,8.14973e-08,3.12654e-08,-3.12654e-08,
-2.07841e-08,2.07841e-08,4.52108e-08,5.45511e-08,5.69186e-08,5.83811e-08,5.94929e-08,5.98995e-08,6.01193e-08,6.28153e-08,7.00921e-08,7.32717e-08,6.68484e-08,5.60493e-08,4.46914e-08,3.06601e-08,1.14618e-08,-1.14618e-08,
2.07841e-08,-2.07841e-08,-4.52108e-08,-5.45511e-08,-5.69186e-08,-5.83811e-08,-5.94929e-08,-5.98995e-08,-6.01193e-08,-6.28153e-08,-7.00921e-08,-7.32717e-08,-6.68484e-08,-5.60493e-08,-4.46914e-08,-3.06601e-08,-1.14618e-08,1.14618e-08,
