2.57239e-06,-2.57239e-06,-3.93432e-06,-5.09142e-06,-6.04513e-06,-6.67476e-06,-7.25684e-06,-8.2211e-06,-9.01744e-06,-8.60653e-06,-7.55047e-06,-6.93042e-06,-6.73153e-06,-6.45713e-06,-5.89134e-06,-5.19087e-06,-3.71765e-06,3.71765e-06,
-2.57239e-06,2.57239e-06,3.93432e-06,5.09142e-06,6.04513e-06,6.67476e-06,7.25684e-06,8.2211e-06,9.01744e-06,8.60653e-06,7.55047e-06,6.93042e-06,6.73153e-06,6.45713e-06,5.89134e-06,5.19087e-06,3.71765e-06,-3.71765e-06,
-4.07545e-06,4.07545e-06,8.61647e-06,1.1911e-05,1.43007e-05,1.62417e-05,1.8252e-05,1.97109e-05,1.93673e-05,1.78372e-05,1.66473e-05,1.60972e-05,1.56696e-05,1.50105e-05,1.41687e-05,1.25624e-05,6.93617e-06,-6.93617e-06,
-5.41432e-06,5.41432e-06,1.21165e-05,1.69524e-05,2.07448e-05,2.41199e-05,2.6483e-05,2.66213e-05,2.51927e-05,2.38946e-05,2.32398e-05,2.28313e-05,2.23752e-05,2.19577e-05,2.10396e-05,1.67429e-05,7.51001e-06,-7.51001e-06,
-6.4584e-06,6.4584e-06,1.45856e-05,2.08421e-05,2.61317e-05,2.98932e-05,3.09437e-05,2.9985e-05,2.88888e-05,2.83551e-05,2.80783e-05,2.78544e-05,2.79322e-05,2.79462e-05,2.50326e-05,1.77478e-05,7.34372e-06,-7.34372e-06,
-7.10499e-06,7.10499e-06,1.66181e-05,2.43932e-05,3.00954e-05,3.25863e-05,3.25733e-05,3.20392e-05,3.18534e-05,3.18142e-05,3.18023e-05,3.22635e-05,3.31073e-05,3.15817e-05,2.60458e-05,1.78061e-05,7.52781e-06,-7.52781e-06,
-7.81529e-06,7.81529e-06,1.8954e-05,2.71448e-05,3.15913e-05,3.30531e-05,3.35226e-05,3.39752e-05,3.43458e-05,3.46109e-05,3.53672e-05,3.67902e-05,3.63222e-05,3.23319e-05,2.60364e-05,1.82049e-05,7.83082e-06,-7.83082e-06,
-8.8933e-06,8.8933e-06,2.06407e-05,2.76399e-05,3.10888e-05,3.3031e-05,3.44777e-05,3.55087e-05,3.62335e-05,3.73553e-05,3.92004e-05,3.94299e-05,3.66144e-05,3.20271e-05,2.63908e-05,1.87843e-05,7.97515e-06,-7.97515e-06,
-9.52436e-06,9.52436e-06,2.02528e-05,2.6364e-05,3.03219e-05,3.32044e-05,3.5241e-05,3.66946e-05,3.83339e-05,4.05512e-05,4.11721e-05,3.90876e-05,3.57948e-05,3.20419e-05,2.69033e-05,1.925e-05,8.16464e-06,-8.16464e-06,
-8.5946e-06,8.5946e-06,1.82562e-05,2.48423e-05,2.9685e-05,3.31567e-05,3.56987e-05,3.81569e-05,4.0891e-05,4.17919e-05,4.00807e-05,3.76063e-05,3.52431e-05,3.21277e-05,2.72708e-05,1.99299e-05,9.00231e-06,-9.00231e-06,
-6.81217e-06,6.81217e-06,1.6378e-05,2.36462e-05,2.89964e-05,3.29918e-05,3.65989e-05,4.01339e-05,4.14608e-05,4.00085e-05,3.79637e-05,3.64457e-05,3.47416e-05,3.20657e-05,2.79228e-05,2.14279e-05,9.83962e-06,-9.83962e-06,
-5.59627e-06,5.59627e-06,1.51532e-05,2.26304e-05,2.83613e-05,3.33599e-05,3.79695e-05,4.00014e-05,3.89242e-05,3.71648e-05,3.61222e-05,3.52822e-05,3.40713e-05,3.22722e-05,2.92121e-05,2.22576e-05,9.0709e-06,-9.0709e-06,
-4.96196e-06,4.96196e-06,1.41913e-05,2.17183e-05,2.82671e-05,3.41396e-05,3.70986e-05,3.6606e-05,3.51644e-05,3.44053e-05,3.4054e-05,3.37198e-05,3.34175e-05,3.27253e-05,2.92711e-05,2.06344e-05,7.38992e-06,-7.38992e-06,
-4.45439e-06,4.45439e-06,1.32279e-05,2.1194e-05,2.83106e-05,3.2336e-05,3.27105e-05,3.17783e-05,3.12736e-05,3.11901e-05,3.12988e-05,3.17467e-05,3.2383e-05,3.14335e-05,2.66188e-05,1.77276e-05,6.17523e-06,-6.17523e-06,
-4.05988e-06,4.05988e-06,1.26495e-05,2.04926e-05,2.53772e-05,2.67605e-05,2.65682e-05,2.63986e-05,2.64816e-05,2.67425e-05,2.73541e-05,2.84208e-05,2.89509e-05,2.70553e-05,2.19986e-05,1.45866e-05,5.34889e-06,-5.34889e-06,
-3.95273e-06,3.95273e-06,1.13788e-05,1.62698e-05,1.8258e-05,1.87397e-05,1.89122e-05,1.90874e-05,1.93023e-05,1.96875e-05,2.05295e-05,2.16298e-05,2.13901e-05,1.89531e-05,1.50749e-05,1.02106e-05,3.91637e-06,-3.91637e-06,
-2.60316e-06,2.60316e-06,5.66388e-06,6.83435e-06,7.13089e-06,7.31395e-06,7.45307e-06,7.50389e-06,7.53141e-06,7.86935e-06,8.78144e-06,9.18032e-06,8.37567e-06,7.02234e-06,5.59886e-06,3.84045e-06,1.435e-06,-1.435e-06,
2.60316e-06,-2.60316e-06,-5.66388e-06,-6.83435e-06,-7.13089e-06,-7.31395e-06,-7.45307e-06,-7.50389e-06,-7.53141e-06,-7.86935e-06,-8.78144e-06,-9.18032e-06,-8.37567e-06,-7.02234e-06,-5.59886e-06,-3.84045e-06,-1.435e-06,1.435e-06,
