0.000333163,-0.000333163,-0.000504797,-0.000647784,-0.000765295,-0.000842864,-0.000915353,-0.00103701,-0.00114042,-0.001092,-0.000959336,-0.000879541,-0.000852213,-0.000815671,-0.000743064,-0.00065414,-0.000468565,0.000468565,
-0.000333163,0.000333163,0.000504797,0.000647784,0.000765295,0.000842864,0.000915353,0.00103701,0.00114042,0.001092,0.000959336,0.000879541,0.000852213,0.000815671,0.000743064,0.00065414,0.000468565,-0.000468565,
-0.000520571,0.000520571,0.00108973,0.00149957,0.00179677,0.00203959,0.00229354,0.00248202,0.00244422,0.0022529,0.00210066,0.00202742,0.0019698,0.00188432,0.00177765,0.00157732,0.00087591,-0.00087591,
-0.000683433,0.000683433,0.00152156,0.00212503,0.00259972,0.00302516,0.00332769,0.00335127,0.00317334,0.00300756,0.00292075,0.00286489,0.00280444,0.00275115,0.00263835,0.00210718,0.000950053,-0.000950053,
-0.000809338,0.000809338,0.00182513,0.00260839,0.00327385,0.00375189,0.0038903,0.00377168,0.00363134,0.00355969,0.00352025,0.00348882,0.00349777,0.00350243,0.00314602,0.00223638,0.00092633,-0.00092633,
-0.00088655,0.00088655,0.00207669,0.00305334,0.00377453,0.00409378,0.00409399,0.00402422,0.00399626,0.00398665,0.0039818,0.00403878,0.00414755,0.00396532,0.00327556,0.00223882,0.000944244,-0.000944244,
-0.000972991,0.000972991,0.00236906,0.00340161,0.00396602,0.00415125,0.00420732,0.00425949,0.00430134,0.00433131,0.00442531,0.0046066,0.00455658,0.00406009,0.00326696,0.00227942,0.000975793,-0.000975793,
-0.001107,0.001107,0.00258247,0.0034664,0.00390063,0.00414126,0.00431807,0.00444285,0.00453062,0.00467056,0.00490478,0.00494172,0.00459186,0.00401238,0.00329957,0.00234124,0.000987678,-0.000987678,
-0.00118709,0.00118709,0.00253594,0.00330359,0.00379681,0.00415367,0.00440462,0.00458394,0.00478896,0.0050699,0.00515543,0.00489657,0.00447901,0.00400207,0.00335239,0.00239085,0.00100712,-0.00100712,
-0.0010722,0.0010722,0.00228337,0.00310612,0.00370888,0.00413988,0.00445577,0.00476362,0.00510948,0.00522972,0.00501708,0.00470185,0.0043991,0.00400296,0.00339106,0.00247192,0.00111115,-0.00111115,
-0.000846758,0.000846758,0.00204184,0.00294898,0.00361575,0.00411398,0.00456601,0.00501246,0.00518582,0.00500522,0.00474361,0.00454673,0.00432751,0.00398888,0.00346979,0.00266018,0.00121798,-0.00121798,
-0.000689536,0.000689536,0.00188114,0.00281448,0.00353044,0.00415708,0.00473845,0.00499997,0.00486614,0.00464028,0.00450308,0.00439235,0.00423756,0.00401244,0.00363314,0.0027686,0.00112567,-0.00112567,
-0.000605837,0.000605837,0.00175448,0.00269491,0.00351588,0.00425572,0.00463328,0.00457267,0.00438682,0.00428537,0.00423616,0.00419157,0.00415442,0.00407236,0.00364681,0.00257242,0.000917024,-0.000917024,
-0.000540056,0.000540056,0.00163124,0.0026287,0.00352428,0.00403527,0.00408357,0.00396212,0.00389295,0.00387757,0.00388866,0.00394563,0.00403015,0.00391875,0.00332395,0.00221274,0.000764662,-0.000764662,
-0.000490941,0.000490941,0.00156086,0.00254604,0.00316416,0.00333934,0.00331167,0.00328529,0.00329113,0.00332127,0.00339841,0.00353625,0.00360971,0.00338082,0.00275066,0.00181951,0.000660581,-0.000660581,
-0.000479918,0.000479918,0.00140746,0.00202467,0.0022759,0.00233412,0.002352,0.00237027,0.00239478,0.00244292,0.00255131,0.00269468,0.00267206,0.00236971,0.00188121,0.00126764,0.000478696,-0.000478696,
-0.000315269,0.000315269,0.000698659,0.000846446,0.000882518,0.00090365,0.000919323,0.000924466,0.000927655,0.00097124,0.00108819,0.00114266,0.00104374,0.000872444,0.000691257,0.000468445,0.000168319,-0.000168319,
0.000315269,-0.000315269,-0.000698659,-0.000846446,-0.000882518,-0.00090365,-0.000919323,-0.000924466,-0.000927655,-0.00097124,-0.00108819,-0.00114266,-0.00104374,-0.000872444,-0.000691257,-0.000468445,-0.000168319,0.000168319,
