2.88962e-05,-2.88962e-05,-4.41507e-05,-5.7085e-05,-6.77428e-05,-7.47791e-05,-8.12916e-05,-9.20942e-05,-0.000101043,-9.64707e-05,-8.46449e-05,-7.76839e-05,-7.54353e-05,-7.23438e-05,-6.59949e-05,-5.81435e-05,-4.1643e-05,4.1643e-05,
-2.88962e-05,2.88962e-05,4.41507e-05,5.7085e-05,6.77428e-05,7.47791e-05,8.12916e-05,9.20942e-05,0.000101043,9.64707e-05,8.46449e-05,7.76839e-05,7.54353e-05,7.23438e-05,6.59949e-05,5.81435e-05,4.1643e-05,-4.1643e-05,
-4.57132e-05,4.57132e-05,9.65482e-05,0.000133401,0.000160132,0.000181858,0.000204382,0.000220767,0.000216968,0.000199842,0.000186492,0.000180294,0.000175471,0.000168066,0.000158632,0.000140661,7.77106e-05,-7.77106e-05,
-6.06558e-05,6.06558e-05,0.000135667,0.00018978,0.00023223,0.000270037,0.000296551,0.000298156,0.000282173,0.000267611,0.000260236,0.000255621,0.000250486,0.000245804,0.000235548,0.000187516,8.41551e-05,-8.41551e-05,
-7.22985e-05,7.22985e-05,0.000163255,0.000233287,0.000292527,0.000334698,0.000346519,0.000335801,0.000323501,0.000317482,0.000314339,0.000311802,0.000312667,0.000312852,0.000280316,0.000198794,8.22663e-05,-8.22663e-05,
-7.95019e-05,7.95019e-05,0.000185979,0.000273041,0.000336936,0.000364886,0.000364757,0.000358751,0.000356627,0.000356145,0.000355981,0.000361138,0.000370613,0.000353617,0.000291681,0.000199401,8.42792e-05,-8.42792e-05,
-8.74306e-05,8.74306e-05,0.000212127,0.000303877,0.00035372,0.000370102,0.000375332,0.000380356,0.000384462,0.0003874,0.00039586,0.000411818,0.00040666,0.000362022,0.000291506,0.000203778,8.76118e-05,-8.76118e-05,
-9.94893e-05,9.94893e-05,0.000231029,0.000309445,0.000348072,0.000369788,0.000385941,0.000397442,0.000405528,0.000418081,0.000438765,0.00044141,0.000409918,0.000358521,0.000295364,0.000210166,8.91706e-05,-8.91706e-05,
-0.000106564,0.000106564,0.000226707,0.000295135,0.000339415,0.000371643,0.000394402,0.000410649,0.000428997,0.000453849,0.000460871,0.000437557,0.000400649,0.000358574,0.000300996,0.000215298,9.12527e-05,-9.12527e-05,
-9.61709e-05,9.61709e-05,0.000204333,0.000278037,0.000332211,0.000371038,0.00039947,0.000426987,0.000457625,0.000467779,0.000448638,0.000420891,0.000394374,0.000359445,0.000305043,0.000222873,0.000100622,-0.000100622,
-7.61977e-05,7.61977e-05,0.00018325,0.00026458,0.000324439,0.000369143,0.000409525,0.00044913,0.00046405,0.000447804,0.000424864,0.000407807,0.000388678,0.000358692,0.000312316,0.000239648,0.000110014,-0.000110014,
-6.25412e-05,6.25412e-05,0.000169472,0.000253142,0.000317277,0.000373237,0.000424875,0.000447685,0.000435637,0.000415891,0.000404158,0.000394703,0.00038112,0.000360983,0.000326766,0.000248978,0.000101446,-0.000101446,
-5.54014e-05,5.54014e-05,0.000158647,0.000242883,0.000316197,0.000381975,0.000415162,0.000409658,0.000393471,0.000384914,0.000380934,0.000377168,0.00037379,0.000366086,0.000327486,0.000230874,8.26464e-05,-8.26464e-05,
-4.96991e-05,4.96991e-05,0.00014784,0.000237009,0.000316713,0.000361836,0.000366041,0.000355561,0.000349856,0.000348876,0.00035007,0.000355092,0.00036226,0.000351701,0.000297882,0.000198376,6.90465e-05,-6.90465e-05,
-4.52857e-05,4.52857e-05,0.000141384,0.000229207,0.000283943,0.000299446,0.000297259,0.000295313,0.000296199,0.000299097,0.000305949,0.000317929,0.000323929,0.000302788,0.000246212,0.000163216,5.97904e-05,-5.97904e-05,
-4.41083e-05,4.41083e-05,0.000127213,0.000182006,0.000204282,0.000209654,0.00021155,0.000213477,0.00021586,0.000220171,0.000229624,0.000241993,0.000239379,0.000212125,0.000168687,0.000114195,4.37314e-05,-4.37314e-05,
-2.90414e-05,2.90414e-05,6.33041e-05,7.64174e-05,7.97267e-05,8.1759e-05,8.32999e-05,8.38573e-05,8.41632e-05,8.7958e-05,9.81932e-05,0.0001027,9.37102e-05,7.85439e-05,6.25823e-05,4.28746e-05,1.59585e-05,-1.59585e-05,
2.90414e-05,-2.90414e-05,-6.33041e-05,-7.64174e-05,-7.97267e-05,-8.1759e-05,-8.32999e-05,-8.38573e-05,-8.41632e-05,-8.7958e-05,-9.81932e-05,-0.0001027,-9.37102e-05,-7.85439e-05,-6.25823e-05,-4.28746e-05,-1.59585e-05,1.59585e-05,
