1.63767e-10,-1.63767e-10,-2.50504e-10,-3.24221e-10,-3.84978e-10,-4.25097e-10,-4.62186e-10,-5.23562e-10,-5.74252e-10,-5.48075e-10,-4.80815e-10,-4.41335e-10,-4.28691e-10,-4.11226e-10,-3.75212e-10,-3.30612e-10,-2.36763e-10,2.36763e-10,
-1.63767e-10,1.63767e-10,2.50504e-10,3.24221e-10,3.84978e-10,4.25097e-10,4.62186e-10,5.23562e-10,5.74252e-10,5.48075e-10,4.80815e-10,4.41335e-10,4.28691e-10,4.11226e-10,3.75212e-10,3.30612e-10,2.36763e-10,-2.36763e-10,
-2.59503e-10,2.59503e-10,5.48729e-10,7.58591e-10,9.10801e-10,1.03445e-09,1.16247e-09,1.25535e-09,1.23343e-09,1.13597e-09,1.0602e-09,1.02519e-09,9.97986e-10,9.56015e-10,9.02417e-10,8.001e-10,4.41734e-10,-4.41734e-10,
-3.44814e-10,3.44814e-10,7.717e-10,1.07973e-09,1.32127e-09,1.53624e-09,1.6867e-09,1.69547e-09,1.60447e-09,1.52181e-09,1.48013e-09,1.45415e-09,1.42512e-09,1.39852e-09,1.34004e-09,1.06633e-09,4.78267e-10,-4.78267e-10,
-4.11344e-10,4.11344e-10,9.29003e-10,1.32751e-09,1.66438e-09,1.90393e-09,1.97078e-09,1.90972e-09,1.83993e-09,1.80596e-09,1.78836e-09,1.77412e-09,1.7791e-09,1.77995e-09,1.59432e-09,1.13031e-09,4.67693e-10,-4.67693e-10,
-4.52552e-10,4.52552e-10,1.05847e-09,1.55368e-09,1.9168e-09,2.07541e-09,2.07458e-09,2.04059e-09,2.02879e-09,2.02633e-09,2.02558e-09,2.05496e-09,2.10868e-09,2.01144e-09,1.65883e-09,1.13405e-09,4.79456e-10,-4.79456e-10,
-4.97811e-10,4.97811e-10,1.20723e-09,1.72889e-09,2.01205e-09,2.10515e-09,2.13508e-09,2.16395e-09,2.18759e-09,2.2045e-09,2.25266e-09,2.34324e-09,2.31339e-09,2.05922e-09,1.65828e-09,1.15952e-09,4.988e-10,-4.988e-10,
-5.66478e-10,5.66478e-10,1.31464e-09,1.7604e-09,1.98007e-09,2.1038e-09,2.19597e-09,2.26168e-09,2.30787e-09,2.37933e-09,2.49682e-09,2.51135e-09,2.33201e-09,2.03987e-09,1.68093e-09,1.1965e-09,5.08031e-10,-5.08031e-10,
-6.06674e-10,6.06674e-10,1.28995e-09,1.67917e-09,1.93128e-09,2.11492e-09,2.24465e-09,2.33725e-09,2.44167e-09,2.5829e-09,2.62238e-09,2.48958e-09,2.27989e-09,2.04091e-09,1.71366e-09,1.22621e-09,5.20128e-10,-5.20128e-10,
-5.4744e-10,5.4744e-10,1.1628e-09,1.58231e-09,1.89079e-09,2.11195e-09,2.27385e-09,2.43038e-09,2.60451e-09,2.66187e-09,2.55287e-09,2.39531e-09,2.24484e-09,2.04646e-09,1.73714e-09,1.26955e-09,5.73471e-10,-5.73471e-10,
-4.33927e-10,4.33927e-10,1.04322e-09,1.50618e-09,1.84698e-09,2.10148e-09,2.33123e-09,2.55631e-09,2.64078e-09,2.54828e-09,2.41809e-09,2.32144e-09,2.21295e-09,2.04254e-09,1.77869e-09,1.36499e-09,6.268e-10,-6.268e-10,
-3.56513e-10,3.56513e-10,9.65255e-10,1.44152e-09,1.80655e-09,2.12493e-09,2.4185e-09,2.54786e-09,2.47924e-09,2.36722e-09,2.30086e-09,2.24739e-09,2.17029e-09,2.05569e-09,1.86077e-09,1.41777e-09,5.77818e-10,-5.77818e-10,
-3.16142e-10,3.16142e-10,9.0403e-10,1.38346e-09,1.80055e-09,2.17457e-09,2.363e-09,2.33161e-09,2.23983e-09,2.19152e-09,2.16919e-09,2.14792e-09,2.12866e-09,2.08453e-09,1.86448e-09,1.31434e-09,4.70739e-10,-4.70739e-10,
-2.83826e-10,2.83826e-10,8.42685e-10,1.35008e-09,1.80332e-09,2.05966e-09,2.08351e-09,2.02417e-09,1.99206e-09,1.98678e-09,1.99372e-09,2.02223e-09,2.06274e-09,2.0022e-09,1.69548e-09,1.12916e-09,3.93374e-10,-3.93374e-10,
-2.58698e-10,2.58698e-10,8.05829e-10,1.30536e-09,1.61642e-09,1.70452e-09,1.69231e-09,1.68155e-09,1.68687e-09,1.7035e-09,1.74245e-09,1.81035e-09,1.84407e-09,1.72326e-09,1.40117e-09,9.29103e-10,3.40747e-10,-3.40747e-10,
-2.51856e-10,2.51856e-10,7.24846e-10,1.03634e-09,1.16296e-09,1.19366e-09,1.20468e-09,1.21588e-09,1.22958e-09,1.25411e-09,1.30771e-09,1.37773e-09,1.36243e-09,1.20719e-09,9.60202e-10,6.50411e-10,2.49525e-10,-2.49525e-10,
-1.65871e-10,1.65871e-10,3.60798e-10,4.35352e-10,4.54252e-10,4.65926e-10,4.748e-10,4.78048e-10,4.79804e-10,5.01322e-10,5.5939e-10,5.84748e-10,5.33496e-10,4.47314e-10,3.5667e-10,2.44689e-10,9.1474e-11,-9.1474e-11,
1.65871e-10,-1.65871e-10,-3.60798e-10,-4.35352e-10,-4.54252e-10,-4.65926e-10,-4.748e-10,-4.78048e-10,-4.79804e-10,-5.01322e-10,-5.5939e-10,-5.84748e-10,-5.33496e-10,-4.47314e-10,-3.5667e-10,-2.44689e-10,-9.1474e-11,9.1474e-11,
