1.83319e-09,-1.83319e-09,-2.80413e-09,-3.62926e-09,-4.30937e-09,-4.75837e-09,-5.17339e-09,-5.86081e-09,-6.42829e-09,-6.13509e-09,-5.38219e-09,-4.94028e-09,-4.79867e-09,-4.60319e-09,-4.19994e-09,-3.7006e-09,-2.65033e-09,2.65033e-09,
-1.83319e-09,1.83319e-09,2.80413e-09,3.62926e-09,4.30937e-09,4.75837e-09,5.17339e-09,5.86081e-09,6.42829e-09,6.13509e-09,5.38219e-09,4.94028e-09,4.79867e-09,4.60319e-09,4.19994e-09,3.7006e-09,2.65033e-09,-2.65033e-09,
-2.90489e-09,2.90489e-09,6.14247e-09,8.49159e-09,1.01955e-08,1.15794e-08,1.30125e-08,1.40522e-08,1.38068e-08,1.27159e-08,1.18677e-08,1.14759e-08,1.11714e-08,1.07016e-08,1.01015e-08,8.95624e-09,4.94468e-09,-4.94468e-09,
-3.85982e-09,3.85982e-09,8.63838e-09,1.20864e-08,1.47902e-08,1.71963e-08,1.88806e-08,1.89788e-08,1.79602e-08,1.70349e-08,1.65684e-08,1.62775e-08,1.59526e-08,1.5655e-08,1.50002e-08,1.19363e-08,5.35364e-09,-5.35364e-09,
-4.60459e-09,4.60459e-09,1.03992e-08,1.48599e-08,1.86309e-08,2.13122e-08,2.20606e-08,2.1377e-08,2.05957e-08,2.02156e-08,2.00186e-08,1.98592e-08,1.99147e-08,1.99245e-08,1.78465e-08,1.26525e-08,5.2353e-09,-5.2353e-09,
-5.06586e-09,5.06586e-09,1.18485e-08,1.73916e-08,2.14565e-08,2.32319e-08,2.32225e-08,2.2842e-08,2.27098e-08,2.26823e-08,2.2674e-08,2.30029e-08,2.36042e-08,2.25158e-08,1.85687e-08,1.26944e-08,5.36695e-09,-5.36695e-09,
-5.57246e-09,5.57246e-09,1.35139e-08,1.93531e-08,2.25227e-08,2.35648e-08,2.38998e-08,2.42228e-08,2.44874e-08,2.46766e-08,2.52159e-08,2.62301e-08,2.58959e-08,2.30507e-08,1.85625e-08,1.29795e-08,5.58347e-09,-5.58347e-09,
-6.34111e-09,6.34111e-09,1.47163e-08,1.97059e-08,2.21646e-08,2.35496e-08,2.45814e-08,2.53168e-08,2.58338e-08,2.66336e-08,2.79489e-08,2.81119e-08,2.61043e-08,2.28341e-08,1.88161e-08,1.33934e-08,5.68685e-09,-5.68685e-09,
-6.79094e-09,6.79094e-09,1.44396e-08,1.87964e-08,2.16185e-08,2.3674e-08,2.51263e-08,2.61628e-08,2.73316e-08,2.89123e-08,2.93543e-08,2.7868e-08,2.55207e-08,2.28455e-08,1.91824e-08,1.37261e-08,5.82227e-09,-5.82227e-09,
-6.12793e-09,6.12793e-09,1.30162e-08,1.77121e-08,2.1165e-08,2.36406e-08,2.54531e-08,2.72057e-08,2.91547e-08,2.97965e-08,2.85763e-08,2.68126e-08,2.51282e-08,2.29075e-08,1.9445e-08,1.42112e-08,6.41958e-09,-6.41958e-09,
-4.85729e-09,4.85729e-09,1.16776e-08,1.68598e-08,2.06746e-08,2.35234e-08,2.60951e-08,2.86151e-08,2.95606e-08,2.8525e-08,2.70676e-08,2.59858e-08,2.47713e-08,2.28637e-08,1.99101e-08,1.52791e-08,7.01637e-09,-7.01637e-09,
-3.99078e-09,3.99078e-09,1.0805e-08,1.61362e-08,2.02223e-08,2.3786e-08,2.70722e-08,2.85203e-08,2.77523e-08,2.64983e-08,2.57554e-08,2.5157e-08,2.42938e-08,2.30111e-08,2.08291e-08,1.58703e-08,6.46798e-09,-6.46798e-09,
-3.53886e-09,3.53886e-09,1.01196e-08,1.54863e-08,2.01552e-08,2.43418e-08,2.64509e-08,2.60996e-08,2.50722e-08,2.45315e-08,2.42815e-08,2.40434e-08,2.38278e-08,2.3334e-08,2.08707e-08,1.47124e-08,5.26936e-09,-5.26936e-09,
-3.17715e-09,3.17715e-09,9.43294e-09,1.51125e-08,2.01861e-08,2.30555e-08,2.33224e-08,2.26581e-08,2.22987e-08,2.22396e-08,2.23173e-08,2.26366e-08,2.30898e-08,2.24123e-08,1.89789e-08,1.26397e-08,4.40335e-09,-4.40335e-09,
-2.89587e-09,2.89587e-09,9.02039e-09,1.4612e-08,1.8094e-08,1.90802e-08,1.89433e-08,1.88228e-08,1.88824e-08,1.90686e-08,1.95046e-08,2.02648e-08,2.06422e-08,1.929e-08,1.56845e-08,1.04002e-08,3.81425e-09,-3.81425e-09,
-2.81928e-09,2.81928e-09,8.11401e-09,1.16008e-08,1.30181e-08,1.33617e-08,1.3485e-08,1.36102e-08,1.37636e-08,1.40382e-08,1.46382e-08,1.54223e-08,1.52508e-08,1.35131e-08,1.07484e-08,7.2806e-09,2.79312e-09,-2.79312e-09,
-1.85676e-09,1.85676e-09,4.03894e-09,4.87334e-09,5.08485e-09,5.21551e-09,5.31483e-09,5.35116e-09,5.3708e-09,5.61164e-09,6.26171e-09,6.54576e-09,5.97193e-09,5.00719e-09,3.99252e-09,2.73904e-09,1.02396e-09,-1.02396e-09,
1.85676e-09,-1.85676e-09,-4.03894e-09,-4.87334e-09,-5.08485e-09,-5.21551e-09,-5.31483e-09,-5.35116e-09,-5.3708e-09,-5.61164e-09,-6.26171e-09,-6.54576e-09,-5.97193e-09,-5.00719e-09,-3.99252e-09,-2.73904e-09,-1.02396e-09,1.02396e-09,
