-3.30014,3.30014,9.89939,16.4955,23.0858,29.6673,36.2352,42.7818,49.2919,55.7362,62.1415,69.438,83.8683,127.398,237.523,417.843,574.859,583.736,
-2.94986,2.94986,8.85061,14.7545,20.6642,26.5827,32.5148,38.4683,44.4589,50.5307,56.8692,64.5291,79.0389,120.246,226.25,407.795,571.236,574.859,
-2.60578,2.60578,7.82034,13.0442,18.2847,23.5508,28.855,34.2158,39.6635,45.2554,51.1368,57.9532,69.1091,97.4999,169.199,293.318,407.795,417.843,
-2.27892,2.27892,6.84158,11.4191,16.0227,20.6664,25.3679,30.1513,35.0496,40.1087,45.4012,51.174,58.8341,74.1264,109.241,169.199,226.25,237.523,
-1.97707,1.97707,5.93755,9.91753,13.9317,17.9977,22.1369,26.3767,30.7509,35.2988,40.0626,45.1199,50.891,59.2088,74.1264,97.5,120.246,127.398,
-1.70422,1.70422,5.12023,8.55948,12.0393,15.5801,19.2063,22.9479,26.8409,30.9268,35.2502,39.8649,44.9124,50.891,58.8341,69.1091,79.0389,83.8683,
-1.46112,1.46112,4.39184,7.34853,10.3505,13.4201,16.584,19.8746,23.3306,26.9981,30.93,35.1891,39.8649,45.12,51.1741,57.9533,64.5291,69.438,
-1.24621,1.24621,3.74765,6.27676,8.85402,11.503,14.2517,17.1339,20.1902,23.4691,27.0274,30.9301,35.2503,40.0627,45.4013,51.1369,56.8693,62.1415,
-1.05654,1.05654,3.17885,5.32945,7.52919,9.802,12.1762,14.6856,17.3709,20.2803,23.4692,26.9982,30.927,35.2989,40.1089,45.2555,50.5308,55.7362,
-0.888574,0.888574,2.67481,4.48887,6.35122,8.28521,10.3183,12.4833,14.819,17.371,20.1903,23.3308,26.8411,30.7511,35.0498,39.6637,44.4589,49.2918,
-0.73867,0.73867,2.22462,3.7369,5.29483,6.92036,8.63915,10.4816,12.4834,14.6857,17.1341,19.8748,22.9482,26.377,30.1515,34.2159,38.4683,42.7817,
-0.603383,0.603383,1.81797,3.05647,4.33636,5.67744,7.10272,8.63921,10.3185,12.1763,14.2519,16.5843,19.2066,22.1372,25.3682,28.8552,32.5149,36.2351,
-0.479615,0.479615,1.44561,2.43228,3.45471,4.52988,5.67749,6.92046,8.28538,9.80222,11.5033,13.4204,15.5804,17.998,20.6666,23.551,26.5828,29.6672,
-0.364649,0.364649,1.09944,1.851,2.63153,3.45474,4.33644,5.29496,6.3514,7.52942,8.85428,10.3508,12.0396,13.932,16.0229,18.2848,20.6642,23.0858,
-0.256126,0.256126,0.772421,1.30106,1.85102,2.43233,3.05656,3.73703,4.48904,5.32965,6.27698,7.34877,8.55971,9.91774,11.4192,13.0443,14.7546,16.4954,
-0.151986,0.151986,0.458431,0.772431,1.09946,1.44566,1.81804,2.22472,2.67493,3.17899,3.7478,4.392,5.12039,5.93769,6.84169,7.82042,8.85064,9.89936,
-0.0503849,0.0503849,0.151987,0.256132,0.364662,0.479636,0.603413,0.738709,0.888622,1.05659,1.24627,1.46118,1.70428,1.97712,2.27897,2.60581,2.94987,3.30013,
0.0503849,-0.0503849,-0.151987,-0.256132,-0.364662,-0.479636,-0.603413,-0.738709,-0.888622,-1.05659,-1.24627,-1.46118,-1.70428,-1.97712,-2.27897,-2.60581,-2.94987,-3.30013,
