-3.61904,3.61904,10.8414,18.0386,25.222,32.4006,39.5877,46.8101,54.118,61.5754,69.2673,78.0026,93.5823,137.278,246.021,423.425,576.674,581.921,
-2.63096,2.63096,7.90864,13.2114,18.528,23.8494,29.1623,34.44,39.6327,44.6915,49.7434,55.9644,69.3249,110.366,217.752,402.214,569.421,576.674,
-1.73685,1.73685,5.24961,8.82481,12.4352,16.057,19.6549,23.1557,26.4207,29.2747,31.7361,34.7992,43.0351,71.126,146.579,278.46,402.944,422.695,
-1.05373,1.05373,3.20734,5.43553,7.70663,9.9909,12.2421,14.3638,16.1737,17.437,18.1061,18.9392,22.8961,38.0363,78.3863,148.907,219.578,244.195,
-0.591803,0.591803,1.81626,3.10754,4.43824,5.78069,7.08976,8.27086,9.14788,9.49991,9.29257,9.18092,11.216,19.6227,40.3566,75.2414,112.867,134.776,
-0.310107,0.310107,0.9605,1.66092,2.39171,3.13151,3.84387,4.45231,4.81708,4.77379,4.34149,4.144,5.84016,12.1336,25.8282,47.3016,71.7525,91.1546,
-0.152749,0.152749,0.477795,0.835706,1.21421,1.59891,1.96429,2.25675,2.38085,2.23661,1.89489,1.94274,3.79574,9.53025,20.918,37.9251,57.793,76.1741,
-0.0712057,0.0712057,0.225041,0.398372,0.584325,0.774211,0.952065,1.0844,1.11387,0.993232,0.827227,1.14832,3.15674,8.54218,18.655,33.415,50.8807,68.1301,
-0.0316007,0.0316007,0.100943,0.180924,0.26803,0.35747,0.440144,0.497076,0.497959,0.431132,0.417369,0.928694,2.97597,7.95215,16.9504,29.9102,45.331,60.9359,
-0.0134202,0.0134202,0.0433379,0.0786701,0.117753,0.158144,0.195049,0.218637,0.215345,0.194081,0.278405,0.881846,2.85593,7.35533,15.2769,26.5708,40.0176,53.7332,
-0.00547815,0.00547815,0.0178869,0.0328911,0.0497563,0.067316,0.083215,0.0928125,0.0918064,0.0990234,0.232125,0.849565,2.66747,6.64211,13.5057,23.207,34.7341,46.5159,
-0.00215762,0.00215762,0.00712372,0.013271,0.0202947,0.0276699,0.0343108,0.0382744,0.039823,0.0610744,0.208504,0.787953,2.3954,5.81323,11.6281,19.7823,29.4398,39.3102,
-0.000822656,0.000822656,0.00274661,0.00518414,0.00801586,0.0110175,0.0137194,0.0154698,0.0184433,0.0442933,0.18528,0.695826,2.05992,4.89967,9.66816,16.3024,24.1287,32.1213,
-0.000304504,0.000304504,0.00102806,0.00196603,0.00307415,0.00426107,0.00533767,0.00621533,0.00959965,0.0347059,0.157815,0.581834,1.68197,3.92743,7.64706,12.7772,18.8019,24.9481,
-0.000109645,0.000109645,0.000374313,0.000725205,0.0011468,0.00160344,0.00202646,0.0025385,0.00570378,0.0272187,0.125818,0.451202,1.27012,2.90457,5.56948,9.20794,13.4589,17.7911,
-3.81339e-05,3.81339e-05,0.000131543,0.000257979,0.000412298,0.000581241,0.00074476,0.00107713,0.00362224,0.0195103,0.0874575,0.300604,0.817053,1.81943,3.42239,5.58476,8.09635,10.6537,
-1.05426e-05,1.05426e-05,3.65467e-05,7.20922e-05,0.000115771,0.000163655,0.000215404,0.000394479,0.00172309,0.0089355,0.036716,0.117389,0.302032,0.646033,1.18111,1.89091,2.7089,3.5411,
1.05426e-05,-1.05426e-05,-3.65467e-05,-7.20922e-05,-0.000115771,-0.000163655,-0.000215404,-0.000394479,-0.00172309,-0.0089355,-0.036716,-0.117389,-0.302032,-0.646033,-1.18111,-1.89091,-2.7089,-3.5411,
