1.19232e-05,-1.19232e-05,-2.13072e-05,-2.39983e-05,-2.47468e-05,-2.58711e-05,-2.60174e-05,-2.21653e-05,-1.16753e-05,1.16753e-05,
-1.19232e-05,1.19232e-05,2.13072e-05,2.39983e-05,2.47468e-05,2.58711e-05,2.60174e-05,2.21653e-05,1.16753e-05,-1.16753e-05,
-2.18071e-05,2.18071e-05,4.03741e-05,4.8466e-05,5.33679e-05,5.57707e-05,5.26269e-05,4.1375e-05,2.02948e-05,-2.02948e-05,
-2.49192e-05,2.49192e-05,4.90914e-05,6.27076e-05,7.03723e-05,7.133e-05,6.47527e-05,5.12934e-05,2.61209e-05,-2.61209e-05,
-2.57346e-05,2.57346e-05,5.45761e-05,7.11954e-05,7.80435e-05,7.69484e-05,7.11613e-05,5.87086e-05,2.97306e-05,-2.97306e-05,
-2.66575e-05,2.66575e-05,5.73489e-05,7.26795e-05,7.76434e-05,7.81728e-05,7.49348e-05,6.1463e-05,2.93812e-05,-2.93812e-05,
-2.60336e-05,2.60336e-05,5.35172e-05,6.59384e-05,7.19441e-05,7.47592e-05,7.12744e-05,5.66209e-05,2.61284e-05,-2.61284e-05,
-2.08707e-05,2.08707e-05,4.10667e-05,5.15318e-05,5.78357e-05,5.98171e-05,5.56967e-05,4.36211e-05,2.05116e-05,-2.05116e-05,
-1.01938e-05,1.01938e-05,1.93174e-05,2.46458e-05,2.75536e-05,2.77241e-05,2.51255e-05,2.02479e-05,1.09088e-05,-1.09088e-05,
1.01938e-05,-1.01938e-05,-1.93174e-05,-2.46458e-05,-2.75536e-05,-2.77241e-05,-2.51255e-05,-2.02479e-05,-1.09088e-05,1.09088e-05,
