6.7807e-11,-6.7807e-11,-1.21178e-10,-1.36483e-10,-1.40738e-10,-1.47129e-10,-1.47962e-10,-1.26058e-10,-6.63994e-11,6.63994e-11,
-6.7807e-11,6.7807e-11,1.21178e-10,1.36483e-10,1.40738e-10,1.47129e-10,1.47962e-10,1.26058e-10,6.63994e-11,-6.63994e-11,
-1.24021e-10,1.24021e-10,2.29614e-10,2.75631e-10,3.03506e-10,3.17173e-10,2.99296e-10,2.35304e-10,1.15416e-10,-1.15416e-10,
-1.41718e-10,1.41718e-10,2.79186e-10,3.56622e-10,4.00213e-10,4.05661e-10,3.68254e-10,2.91709e-10,1.48551e-10,-1.48551e-10,
-1.46352e-10,1.46352e-10,3.10376e-10,4.04893e-10,4.4384e-10,4.37612e-10,4.04701e-10,3.33882e-10,1.69079e-10,-1.69079e-10,
-1.51601e-10,1.51601e-10,3.26146e-10,4.13333e-10,4.41565e-10,4.44578e-10,4.26163e-10,3.49545e-10,1.67091e-10,-1.67091e-10,
-1.48052e-10,1.48052e-10,3.04356e-10,3.74999e-10,4.09155e-10,4.25163e-10,4.05343e-10,3.22007e-10,1.48593e-10,-1.48593e-10,
-1.18693e-10,1.18693e-10,2.33551e-10,2.93067e-10,3.28916e-10,3.40184e-10,3.16752e-10,2.48075e-10,1.16648e-10,-1.16648e-10,
-5.79724e-11,5.79724e-11,1.09858e-10,1.4016e-10,1.56698e-10,1.57668e-10,1.42889e-10,1.15149e-10,6.20377e-11,-6.20377e-11,
5.79724e-11,-5.79724e-11,-1.09858e-10,-1.4016e-10,-1.56698e-10,-1.57668e-10,-1.42889e-10,-1.15149e-10,-6.20377e-11,6.20377e-11,
