7.59025e-10,-7.59025e-10,-1.35645e-09,-1.52778e-09,-1.57541e-09,-1.64695e-09,-1.65627e-09,-1.41108e-09,-7.43267e-10,7.43267e-10,
-7.59025e-10,7.59025e-10,1.35645e-09,1.52778e-09,1.57541e-09,1.64695e-09,1.65627e-09,1.41108e-09,7.43267e-10,-7.43267e-10,
-1.38828e-09,1.38828e-09,2.57027e-09,3.08538e-09,3.39741e-09,3.5504e-09,3.35029e-09,2.63396e-09,1.29195e-09,-1.29195e-09,
-1.58637e-09,1.58637e-09,3.12517e-09,3.99198e-09,4.47995e-09,4.54093e-09,4.12219e-09,3.26536e-09,1.66287e-09,-1.66287e-09,
-1.63825e-09,1.63825e-09,3.47431e-09,4.53233e-09,4.9683e-09,4.89858e-09,4.53018e-09,3.73744e-09,1.89266e-09,-1.89266e-09,
-1.697e-09,1.697e-09,3.65084e-09,4.62681e-09,4.94283e-09,4.97655e-09,4.77042e-09,3.91277e-09,1.8704e-09,-1.8704e-09,
-1.65728e-09,1.65728e-09,3.40693e-09,4.1977e-09,4.58004e-09,4.75923e-09,4.53737e-09,3.60451e-09,1.66333e-09,-1.66333e-09,
-1.32863e-09,1.32863e-09,2.61434e-09,3.28056e-09,3.68185e-09,3.80798e-09,3.54568e-09,2.77692e-09,1.30574e-09,-1.30574e-09,
-6.48936e-10,6.48936e-10,1.22974e-09,1.56894e-09,1.75406e-09,1.76492e-09,1.59948e-09,1.28896e-09,6.94443e-10,-6.94443e-10,
6.48936e-10,-6.48936e-10,-1.22974e-09,-1.56894e-09,-1.75406e-09,-1.76492e-09,-1.59948e-09,-1.28896e-09,-6.94443e-10,6.94443e-10,
