1.06467e-06,-1.06467e-06,-1.90266e-06,-2.14297e-06,-2.20978e-06,-2.31013e-06,-2.32321e-06,-1.97928e-06,-1.04256e-06,1.04256e-06,
-1.06467e-06,1.06467e-06,1.90266e-06,2.14297e-06,2.20978e-06,2.31013e-06,2.32321e-06,1.97928e-06,1.04256e-06,-1.04256e-06,
-1.9473e-06,1.9473e-06,3.60525e-06,4.32778e-06,4.76546e-06,4.98005e-06,4.69935e-06,3.69459e-06,1.81219e-06,-1.81219e-06,
-2.22516e-06,2.22516e-06,4.3836e-06,5.59945e-06,6.2839e-06,6.36943e-06,5.78208e-06,4.58023e-06,2.33246e-06,-2.33246e-06,
-2.29793e-06,2.29793e-06,4.87333e-06,6.35738e-06,6.96889e-06,6.87111e-06,6.35435e-06,5.2424e-06,2.65478e-06,-2.65478e-06,
-2.38034e-06,2.38034e-06,5.12094e-06,6.4899e-06,6.93318e-06,6.98047e-06,6.69133e-06,5.48833e-06,2.62357e-06,-2.62357e-06,
-2.32463e-06,2.32463e-06,4.77881e-06,5.88799e-06,6.42428e-06,6.67564e-06,6.36444e-06,5.05595e-06,2.33311e-06,-2.33311e-06,
-1.86364e-06,1.86364e-06,3.66706e-06,4.60154e-06,5.16443e-06,5.34135e-06,4.97343e-06,3.89512e-06,1.83153e-06,-1.83153e-06,
-9.10246e-07,9.10246e-07,1.72492e-06,2.20071e-06,2.46037e-06,2.4756e-06,2.24355e-06,1.808e-06,9.74079e-07,-9.74079e-07,
9.10246e-07,-9.10246e-07,-1.72492e-06,-2.20071e-06,-2.46037e-06,-2.4756e-06,-2.24355e-06,-1.808e-06,-9.74079e-07,9.74079e-07,
