8.49636e-09,-8.49636e-09,-1.51838e-08,-1.71016e-08,-1.76347e-08,-1.84356e-08,-1.854e-08,-1.57953e-08,-8.31997e-09,8.31997e-09,
-8.49636e-09,8.49636e-09,1.51838e-08,1.71016e-08,1.76347e-08,1.84356e-08,1.854e-08,1.57953e-08,8.31997e-09,-8.31997e-09,
-1.55401e-08,1.55401e-08,2.87711e-08,3.45371e-08,3.80299e-08,3.97424e-08,3.75024e-08,2.9484e-08,1.44618e-08,-1.44618e-08,
-1.77575e-08,1.77575e-08,3.49825e-08,4.46854e-08,5.01476e-08,5.08302e-08,4.61429e-08,3.65517e-08,1.86138e-08,-1.86138e-08,
-1.83382e-08,1.83382e-08,3.88907e-08,5.07339e-08,5.5614e-08,5.48337e-08,5.07098e-08,4.18361e-08,2.1186e-08,-2.1186e-08,
-1.89958e-08,1.89958e-08,4.08667e-08,5.17915e-08,5.5329e-08,5.57064e-08,5.3399e-08,4.37987e-08,2.09369e-08,-2.09369e-08,
-1.85513e-08,1.85513e-08,3.81365e-08,4.69881e-08,5.12679e-08,5.32738e-08,5.07903e-08,4.03481e-08,1.86189e-08,-1.86189e-08,
-1.48724e-08,1.48724e-08,2.92643e-08,3.67218e-08,4.12138e-08,4.26257e-08,3.96896e-08,3.10843e-08,1.46162e-08,-1.46162e-08,
-7.26404e-09,7.26404e-09,1.37654e-08,1.75623e-08,1.96345e-08,1.97561e-08,1.79042e-08,1.44284e-08,7.77345e-09,-7.77345e-09,
7.26404e-09,-7.26404e-09,-1.37654e-08,-1.75623e-08,-1.96345e-08,-1.97561e-08,-1.79042e-08,-1.44284e-08,-7.77345e-09,7.77345e-09,
