0.000133929,-0.000133929,-0.000239276,-0.000269482,-0.000277926,-0.000290592,-0.000292217,-0.000248913,-0.000131116,0.000131116,
-0.000133929,0.000133929,0.000239276,0.000269482,0.000277926,0.000290592,0.000292217,0.000248913,0.000131116,-0.000131116,
-0.000244887,0.000244887,0.0004534,0.00054432,0.00059941,0.000626368,0.000591024,0.000464689,0.00022797,-0.00022797,
-0.00027987,0.00027987,0.000551376,0.000704315,0.000790363,0.000801094,0.000727253,0.000576106,0.00029337,-0.00029337,
-0.000289074,0.000289074,0.000613006,0.000799631,0.00087652,0.000864223,0.000799214,0.000659348,0.000333919,-0.000333919,
-0.000299447,0.000299447,0.000644138,0.000816289,0.000872017,0.00087794,0.000841579,0.00069031,0.000330019,-0.000330019,
-0.000292429,0.000292429,0.000601071,0.000740544,0.000807983,0.000839617,0.000800497,0.000635932,0.000293489,-0.000293489,
-0.000234414,0.000234414,0.000461214,0.000578753,0.000649577,0.000671828,0.000625541,0.000489949,0.000230419,-0.000230419,
-0.000114504,0.000114504,0.000216987,0.000276846,0.000309492,0.000311394,0.000282229,0.000227453,0.000122544,-0.000122544,
0.000114504,-0.000114504,-0.000216987,-0.000276846,-0.000309492,-0.000311394,-0.000282229,-0.000227453,-0.000122544,0.000122544,
