0.00148055,-0.00148055,-0.00263953,-0.00297132,-0.00306832,-0.00321223,-0.00322848,-0.00274593,-0.00144646,0.00144646,
-0.00148055,0.00148055,0.00263953,0.00297132,0.00306832,0.00321223,0.00322848,0.00274593,0.00144646,-0.00144646,
-0.00270128,0.00270128,0.00500235,0.00601066,0.00662305,0.00691781,0.00652353,0.00513162,0.00252109,-0.00252109,
-0.00309047,0.00309047,0.00609181,0.00778271,0.00872946,0.00884512,0.00803257,0.00636516,0.00324054,-0.00324054,
-0.00319695,0.00319695,0.00677585,0.00883409,0.00968097,0.00954578,0.00882695,0.00728102,0.00368889,-0.00368889,
-0.00331238,0.00331238,0.00711857,0.00901739,0.0096313,0.0096949,0.00929353,0.00762581,0.00364842,-0.00364842,
-0.00323396,0.00323396,0.00664033,0.0081781,0.00892216,0.00927341,0.008843,0.00702598,0.00324527,-0.00324527,
-0.00259067,0.00259067,0.00509358,0.00639235,0.00717732,0.00742303,0.00691052,0.00541541,0.00255025,-0.00255025,
-0.00126627,0.00126627,0.0023997,0.00306268,0.00342229,0.00344179,0.00312138,0.00251707,0.00135638,-0.00135638,
0.00126627,-0.00126627,-0.0023997,-0.00306268,-0.00342229,-0.00344179,-0.00312138,-0.00251707,-0.00135638,0.00135638,
