9.51069e-08,-9.51069e-08,-1.69966e-07,-1.91433e-07,-1.97401e-07,-2.06365e-07,-2.07534e-07,-1.7681e-07,-9.31324e-08,9.31324e-08,
-9.51069e-08,9.51069e-08,1.69966e-07,1.91433e-07,1.97401e-07,2.06365e-07,2.07534e-07,1.7681e-07,9.31324e-08,-9.31324e-08,
-1.73953e-07,1.73953e-07,3.22059e-07,3.86603e-07,4.25701e-07,4.44871e-07,4.19796e-07,3.30039e-07,1.61884e-07,-1.61884e-07,
-1.98775e-07,1.98775e-07,3.91589e-07,5.00201e-07,5.61344e-07,5.68985e-07,5.16517e-07,4.09154e-07,2.0836e-07,-2.0836e-07,
-2.05275e-07,2.05275e-07,4.35336e-07,5.67908e-07,6.22535e-07,6.138e-07,5.67638e-07,4.68307e-07,2.37153e-07,-2.37153e-07,
-2.12636e-07,2.12636e-07,4.57456e-07,5.79746e-07,6.19344e-07,6.23569e-07,5.9774e-07,4.90276e-07,2.34364e-07,-2.34364e-07,
-2.0766e-07,2.0766e-07,4.26894e-07,5.25978e-07,5.73885e-07,5.96338e-07,5.68539e-07,4.51651e-07,2.08417e-07,-2.08417e-07,
-1.6648e-07,1.6648e-07,3.27581e-07,4.11058e-07,4.61341e-07,4.77146e-07,4.44279e-07,3.47953e-07,1.63611e-07,-1.63611e-07,
-8.13126e-08,8.13126e-08,1.54088e-07,1.9659e-07,2.19786e-07,2.21147e-07,2.00417e-07,1.61509e-07,8.70148e-08,-8.70148e-08,
8.13126e-08,-8.13126e-08,-1.54088e-07,-1.9659e-07,-2.19786e-07,-2.21147e-07,-2.00417e-07,-1.61509e-07,-8.70148e-08,8.70148e-08,
