-3.45173,3.45173,10.3527,17.2523,24.1573,31.0732,38.0017,44.9348,51.8428,58.6603,65.3537,72.7771,87.1025,130.255,239.741,419.225,575.312,583.283,
-2.79827,2.79827,8.39733,13.9977,19.5927,25.1768,30.7483,36.3152,41.9079,47.6066,53.6571,61.1899,75.8047,117.389,224.032,406.413,570.783,575.312,
-2.17416,2.17416,6.52922,10.8875,15.2301,19.5426,23.8209,28.0862,32.4122,36.9597,42.0437,48.5198,59.9875,89.4511,162.953,289.427,406.52,419.119,
-1.624,1.624,4.88108,8.14144,11.3782,14.5716,17.7177,20.8493,24.069,27.5806,31.7083,37.0067,45.1641,62.0807,99.8987,163.376,224.338,239.434,
-1.16962,1.16962,3.51822,5.86851,8.19009,10.4622,12.684,14.8992,17.2311,19.9137,23.2922,27.8099,34.2187,44.5323,62.7456,90.4007,117.91,129.734,
-0.816409,0.816409,2.45723,4.09694,5.70567,7.26513,8.78026,10.3047,11.9769,14.0515,16.899,20.962,26.7325,34.8985,46.4308,61.3639,76.4841,86.423,
-0.556826,0.556826,1.67612,2.79093,3.87467,4.91386,5.92016,6.95538,8.1667,9.81668,12.2838,16.0156,21.4466,28.9256,38.6105,50.0989,61.9318,72.0353,
-0.375603,0.375603,1.12975,1.8761,2.5927,3.27166,3.93094,4.63775,5.5408,6.89745,9.07325,12.4952,17.5591,24.5136,33.3345,43.5848,54.3659,64.6448,
-0.254755,0.254755,0.76469,1.26408,1.73576,2.17705,2.61074,3.10609,3.80708,4.95549,6.88874,9.995,14.6244,20.9758,28.9909,38.2908,48.2173,58.0496,
-0.177239,0.177239,0.53014,0.870561,1.18553,1.47651,1.76921,2.13172,2.69843,3.68881,5.40364,8.18384,12.331,18.0088,25.1584,33.4632,42.3958,51.355,
-0.128909,0.128909,0.383715,0.624885,0.842797,1.04176,1.24846,1.52715,1.9992,2.85783,4.36332,6.80653,10.4409,15.4004,21.6322,28.8734,36.6883,44.5617,
-0.0988942,0.0988942,0.292702,0.472343,0.630769,0.773954,0.927895,1.15084,1.54883,2.28674,3.583,5.67834,8.77959,12.9935,18.2741,24.4057,31.031,37.719,
-0.0790386,0.0790386,0.232569,0.372038,0.492424,0.600386,0.719782,0.901168,1.23361,1.85258,2.93457,4.67134,7.22526,10.678,14.9907,19.9911,25.3947,30.8553,
-0.0632856,0.0632856,0.185243,0.294188,0.386764,0.469452,0.5627,0.707906,0.97592,1.47224,2.33199,3.69984,5.69643,8.38074,11.7214,15.5875,19.7635,23.9865,
-0.0475454,0.0475454,0.138631,0.21908,0.286896,0.347568,0.416945,0.52596,0.726199,1.09291,1.72085,2.70991,4.14215,6.0565,8.42972,11.1703,14.1286,17.1214,
-0.0298548,0.0298548,0.0868642,0.13698,0.179248,0.217422,0.261674,0.331298,0.457741,0.685969,1.07163,1.67249,2.53528,3.68147,5.09664,6.72706,8.48535,10.2647,
-0.0102023,0.0102023,0.0296913,0.0468861,0.0615673,0.0751345,0.0911965,0.116431,0.161467,0.241164,0.373536,0.576951,0.86599,1.24708,1.7152,2.25288,2.83196,3.41804,
0.0102023,-0.0102023,-0.0296913,-0.0468861,-0.0615673,-0.0751345,-0.0911965,-0.116431,-0.161467,-0.241164,-0.373536,-0.576951,-0.86599,-1.24708,-1.7152,-2.25288,-2.83196,-3.41804,
