2.22932e-06,-2.22932e-06,-2.95515e-06,-3.59416e-06,-4.16576e-06,-4.53685e-06,-4.95436e-06,-5.81605e-06,-6.54865e-06,-6.10441e-06,-5.05338e-06,-4.49957e-06,-4.46128e-06,-4.47527e-06,-4.34389e-06,-4.21058e-06,-3.38746e-06,3.38746e-06,
-2.22932e-06,2.22932e-06,2.95515e-06,3.59416e-06,4.16576e-06,4.53685e-06,4.95436e-06,5.81605e-06,6.54865e-06,6.10441e-06,5.05338e-06,4.49957e-06,4.46128e-06,4.47527e-06,4.34389e-06,4.21058e-06,3.38746e-06,-3.38746e-06,
-3.09399e-06,3.09399e-06,5.81187e-06,7.61358e-06,8.89182e-06,1.00693e-05,1.15838e-05,1.2729e-05,1.21918e-05,1.05661e-05,9.39982e-06,9.05485e-06,9.10466e-06,9.28794e-06,9.70444e-06,9.73486e-06,5.98295e-06,-5.98295e-06,
-3.90639e-06,3.90639e-06,7.79867e-06,1.03134e-05,1.23526e-05,1.44973e-05,1.60415e-05,1.56533e-05,1.39048e-05,1.24611e-05,1.1864e-05,1.18034e-05,1.2117e-05,1.30294e-05,1.40792e-05,1.23332e-05,6.02098e-06,-6.02098e-06,
-4.55192e-06,4.55192e-06,9.11199e-06,1.23901e-05,1.53943e-05,1.75191e-05,1.74584e-05,1.578e-05,1.42559e-05,1.3545e-05,1.33691e-05,1.36225e-05,1.47127e-05,1.64484e-05,1.60684e-05,1.20635e-05,5.42032e-06,-5.42032e-06,
-4.91524e-06,4.91524e-06,1.03121e-05,1.46108e-05,1.76058e-05,1.81263e-05,1.67594e-05,1.53495e-05,1.46569e-05,1.44268e-05,1.4558e-05,1.55982e-05,1.76354e-05,1.81231e-05,1.55459e-05,1.11403e-05,5.26765e-06,-5.26765e-06,
-5.42919e-06,5.42919e-06,1.20625e-05,1.6409e-05,1.78269e-05,1.70621e-05,1.59953e-05,1.54622e-05,1.52772e-05,1.53478e-05,1.62773e-05,1.83451e-05,1.91919e-05,1.74199e-05,1.4392e-05,1.08047e-05,5.31748e-06,-5.31748e-06,
-6.36778e-06,6.36778e-06,1.33305e-05,1.62178e-05,1.64056e-05,1.59413e-05,1.57312e-05,1.57099e-05,1.58519e-05,1.67745e-05,1.88027e-05,1.97082e-05,1.82812e-05,1.60536e-05,1.39084e-05,1.08462e-05,5.2766e-06,-5.2766e-06,
-6.89581e-06,6.89581e-06,1.26368e-05,1.44494e-05,1.49932e-05,1.536e-05,1.56736e-05,1.60403e-05,1.70779e-05,1.90813e-05,1.9874e-05,1.84713e-05,1.66108e-05,1.53173e-05,1.38312e-05,1.09367e-05,5.33845e-06,-5.33845e-06,
-5.89436e-06,5.89436e-06,1.04347e-05,1.2613e-05,1.39644e-05,1.48743e-05,1.56691e-05,1.7024e-05,1.91363e-05,1.97968e-05,1.82332e-05,1.64349e-05,1.55323e-05,1.49461e-05,1.38494e-05,1.14012e-05,6.10562e-06,-6.10562e-06,
-4.08405e-06,4.08405e-06,8.48601e-06,1.13292e-05,1.31913e-05,1.46377e-05,1.65069e-05,1.8934e-05,1.96185e-05,1.78961e-05,1.59743e-05,1.51257e-05,1.48992e-05,1.47879e-05,1.44464e-05,1.28784e-05,6.94158e-06,-6.94158e-06,
-2.91277e-06,2.91277e-06,7.40444e-06,1.05654e-05,1.29097e-05,1.54381e-05,1.83566e-05,1.92949e-05,1.75658e-05,1.55176e-05,1.45833e-05,1.44069e-05,1.46684e-05,1.54107e-05,1.60913e-05,1.39544e-05,6.26465e-06,-6.26465e-06,
-2.43527e-06,2.43527e-06,6.90878e-06,1.04041e-05,1.37988e-05,1.73688e-05,1.87404e-05,1.72069e-05,1.51335e-05,1.40905e-05,1.38451e-05,1.41578e-05,1.52741e-05,1.70019e-05,1.70735e-05,1.29401e-05,4.79911e-06,-4.79911e-06,
-2.23597e-06,2.23597e-06,6.84356e-06,1.12908e-05,1.56568e-05,1.76678e-05,1.66433e-05,1.4784e-05,1.37128e-05,1.33789e-05,1.35955e-05,1.46418e-05,1.65613e-05,1.77671e-05,1.60548e-05,1.10878e-05,3.94852e-06,-3.94852e-06,
-2.32186e-06,2.32186e-06,7.65224e-06,1.27468e-05,1.54797e-05,1.52803e-05,1.39811e-05,1.30733e-05,1.27059e-05,1.27746e-05,1.34881e-05,1.50527e-05,1.66227e-05,1.6444e-05,1.38268e-05,9.46887e-06,3.63912e-06,-3.63912e-06,
-2.85042e-06,2.85042e-06,8.20998e-06,1.13568e-05,1.19747e-05,1.14426e-05,1.09016e-05,1.05992e-05,1.05243e-05,1.07913e-05,1.17105e-05,1.31473e-05,1.35916e-05,1.22646e-05,9.94259e-06,7.00679e-06,2.84923e-06,-2.84923e-06,
-2.23238e-06,2.23238e-06,4.59701e-06,5.17744e-06,5.00713e-06,4.84187e-06,4.73389e-06,4.61875e-06,4.54643e-06,4.84592e-06,5.7893e-06,6.31024e-06,5.74652e-06,4.77637e-06,3.88188e-06,2.77184e-06,1.07977e-06,-1.07977e-06,
2.23238e-06,-2.23238e-06,-4.59701e-06,-5.17744e-06,-5.00713e-06,-4.84187e-06,-4.73389e-06,-4.61875e-06,-4.54643e-06,-4.84592e-06,-5.7893e-06,-6.31024e-06,-5.74652e-06,-4.77637e-06,-3.88188e-06,-2.77184e-06,-1.07977e-06,1.07977e-06,
