1.58861e-09,-1.58861e-09,-2.10604e-09,-2.56179e-09,-2.96949e-09,-3.23415e-09,-3.53185e-09,-4.14614e-09,-4.66817e-09,-4.35121e-09,-3.60189e-09,-3.20722e-09,-3.18009e-09,-3.19023e-09,-3.09668e-09,-3.0017e-09,-2.41493e-09,2.41493e-09,
-1.58861e-09,1.58861e-09,2.10604e-09,2.56179e-09,2.96949e-09,3.23415e-09,3.53185e-09,4.14614e-09,4.66817e-09,4.35121e-09,3.60189e-09,3.20722e-09,3.18009e-09,3.19023e-09,3.09668e-09,3.0017e-09,2.41493e-09,-2.41493e-09,
-2.20516e-09,2.20516e-09,4.14293e-09,5.42774e-09,6.33925e-09,7.17878e-09,8.2584e-09,9.07446e-09,8.69105e-09,7.53192e-09,6.70069e-09,6.45507e-09,6.49088e-09,6.62175e-09,6.91875e-09,6.94033e-09,4.26509e-09,-4.26509e-09,
-2.78475e-09,2.78475e-09,5.55997e-09,7.35311e-09,8.80701e-09,1.03359e-08,1.14364e-08,1.11592e-08,9.91243e-09,8.88341e-09,8.45802e-09,8.41517e-09,8.63903e-09,9.28954e-09,1.00378e-08,8.79238e-09,4.29203e-09,-4.29203e-09,
-3.24537e-09,3.24537e-09,6.49676e-09,8.83398e-09,1.09757e-08,1.24901e-08,1.24463e-08,1.12496e-08,1.01632e-08,9.65674e-09,9.53165e-09,9.71253e-09,1.04899e-08,1.17271e-08,1.14554e-08,8.59987e-09,3.86401e-09,-3.86401e-09,
-3.5047e-09,3.5047e-09,7.35263e-09,1.04173e-08,1.25521e-08,1.29227e-08,1.1948e-08,1.09431e-08,1.04496e-08,1.02859e-08,1.03797e-08,1.11213e-08,1.25735e-08,1.29204e-08,1.10827e-08,7.94205e-09,3.75555e-09,-3.75555e-09,
-3.87129e-09,3.87129e-09,8.60056e-09,1.1699e-08,1.27094e-08,1.2164e-08,1.14037e-08,1.10239e-08,1.08924e-08,1.09429e-08,1.16057e-08,1.30797e-08,1.36827e-08,1.2419e-08,1.02606e-08,7.70344e-09,3.79157e-09,-3.79157e-09,
-4.54054e-09,4.54054e-09,9.50449e-09,1.15625e-08,1.16963e-08,1.13654e-08,1.1216e-08,1.12012e-08,1.13027e-08,1.19605e-08,1.34062e-08,1.40511e-08,1.30335e-08,1.14457e-08,9.9167e-09,7.73385e-09,3.76289e-09,-3.76289e-09,
-4.91691e-09,4.91691e-09,9.00971e-09,1.03019e-08,1.06899e-08,1.09517e-08,1.11757e-08,1.14373e-08,1.21771e-08,1.36051e-08,1.41696e-08,1.31694e-08,1.18433e-08,1.09216e-08,9.86254e-09,7.79903e-09,3.80731e-09,-3.80731e-09,
-4.20279e-09,4.20279e-09,7.43985e-09,8.99313e-09,9.95695e-09,1.0606e-08,1.11729e-08,1.21389e-08,1.36446e-08,1.41149e-08,1.29999e-08,1.17182e-08,1.10752e-08,1.06577e-08,9.87605e-09,8.13053e-09,4.35435e-09,-4.35435e-09,
-2.91227e-09,2.91227e-09,6.051e-09,8.07837e-09,9.40629e-09,1.04377e-08,1.17704e-08,1.35005e-08,1.39879e-08,1.27598e-08,1.139e-08,1.07855e-08,1.06245e-08,1.05454e-08,1.03019e-08,9.18364e-09,4.95018e-09,-4.95018e-09,
-2.07756e-09,2.07756e-09,5.28043e-09,7.53437e-09,9.20593e-09,1.10086e-08,1.3089e-08,1.37574e-08,1.25245e-08,1.10646e-08,1.0399e-08,1.02737e-08,1.04604e-08,1.09896e-08,1.14745e-08,9.95044e-09,4.46724e-09,-4.46724e-09,
-1.73744e-09,1.73744e-09,4.92749e-09,7.41971e-09,9.84001e-09,1.23849e-08,1.33623e-08,1.22689e-08,1.0791e-08,1.00479e-08,9.87333e-09,1.00965e-08,1.08923e-08,1.21237e-08,1.21743e-08,9.22672e-09,3.42222e-09,-3.42222e-09,
-1.59552e-09,1.59552e-09,4.88117e-09,8.05193e-09,1.11644e-08,1.25976e-08,1.18671e-08,1.05418e-08,9.77856e-09,9.54087e-09,9.69556e-09,1.04414e-08,1.18096e-08,1.26687e-08,1.14472e-08,7.90574e-09,2.8158e-09,-2.8158e-09,
-1.65673e-09,1.65673e-09,5.45756e-09,9.08957e-09,1.10376e-08,1.08953e-08,9.9692e-09,9.32241e-09,9.06082e-09,9.10997e-09,9.61864e-09,1.07338e-08,1.18526e-08,1.17246e-08,9.85832e-09,6.75151e-09,2.59526e-09,-2.59526e-09,
-2.03338e-09,2.03338e-09,5.85474e-09,8.09797e-09,8.53833e-09,8.15915e-09,7.77373e-09,7.55841e-09,7.50516e-09,7.69553e-09,8.35071e-09,9.37461e-09,9.69085e-09,8.74452e-09,7.08922e-09,4.99643e-09,2.03229e-09,-2.03229e-09,
-1.59241e-09,1.59241e-09,3.2783e-09,3.69203e-09,3.57069e-09,3.45301e-09,3.37616e-09,3.29417e-09,3.24263e-09,3.45605e-09,4.12843e-09,4.4995e-09,4.09744e-09,3.4059e-09,2.76839e-09,1.97717e-09,7.70698e-10,-7.70698e-10,
1.59241e-09,-1.59241e-09,-3.2783e-09,-3.69203e-09,-3.57069e-09,-3.45301e-09,-3.37616e-09,-3.29417e-09,-3.24263e-09,-3.45605e-09,-4.12843e-09,-4.4995e-09,-4.09744e-09,-3.4059e-09,-2.76839e-09,-1.97717e-09,-7.70698e-10,7.70698e-10,
