1.41917e-10,-1.41917e-10,-1.8814e-10,-2.28859e-10,-2.65279e-10,-2.88931e-10,-3.15538e-10,-3.70381e-10,-4.17012e-10,-3.88712e-10,-3.21772e-10,-2.86512e-10,-2.84096e-10,-2.84999e-10,-2.76653e-10,-2.68176e-10,-2.15733e-10,2.15733e-10,
-1.41917e-10,1.41917e-10,1.8814e-10,2.28859e-10,2.65279e-10,2.88931e-10,3.15538e-10,3.70381e-10,4.17012e-10,3.88712e-10,3.21772e-10,2.86512e-10,2.84096e-10,2.84999e-10,2.76653e-10,2.68176e-10,2.15733e-10,-2.15733e-10,
-1.96993e-10,1.96993e-10,3.70101e-10,4.84883e-10,5.66304e-10,6.41316e-10,7.37765e-10,8.10667e-10,7.76415e-10,6.72865e-10,5.98602e-10,5.76654e-10,5.79855e-10,5.91539e-10,6.18084e-10,6.20008e-10,3.81022e-10,-3.81022e-10,
-2.48772e-10,2.48772e-10,4.96692e-10,6.56888e-10,7.86758e-10,9.23361e-10,1.02167e-09,9.96906e-10,8.85529e-10,7.93598e-10,7.55591e-10,7.51766e-10,7.71767e-10,8.29862e-10,8.96727e-10,7.85465e-10,3.83428e-10,-3.83428e-10,
-2.89918e-10,2.89918e-10,5.80381e-10,7.89188e-10,9.80502e-10,1.1158e-09,1.11189e-09,1.00498e-09,9.07935e-10,8.62685e-10,8.51504e-10,8.67665e-10,9.37126e-10,1.04763e-09,1.02337e-09,7.68267e-10,3.45189e-10,-3.45189e-10,
-3.13086e-10,3.13086e-10,6.5684e-10,9.30632e-10,1.12133e-09,1.15444e-09,1.06737e-09,9.776e-10,9.33522e-10,9.18894e-10,9.27269e-10,9.93515e-10,1.12325e-09,1.15423e-09,9.90067e-10,7.09499e-10,3.35502e-10,-3.35502e-10,
-3.45837e-10,3.45837e-10,7.68305e-10,1.04511e-09,1.13539e-09,1.08666e-09,1.01874e-09,9.84825e-10,9.73078e-10,9.776e-10,1.03679e-09,1.16844e-09,1.22232e-09,1.10944e-09,9.16626e-10,6.88183e-10,3.3872e-10,-3.3872e-10,
-4.05625e-10,4.05625e-10,8.49044e-10,1.03292e-09,1.04488e-09,1.01533e-09,1.00198e-09,1.00066e-09,1.00973e-09,1.06851e-09,1.19765e-09,1.25523e-09,1.16433e-09,1.02249e-09,8.85904e-10,6.90899e-10,3.36154e-10,-3.36154e-10,
-4.39258e-10,4.39258e-10,8.0487e-10,9.20314e-10,9.5498e-10,9.78375e-10,9.98368e-10,1.02174e-09,1.08784e-09,1.21543e-09,1.26586e-09,1.17648e-09,1.05802e-09,9.75683e-10,8.81075e-10,6.96722e-10,3.40121e-10,-3.40121e-10,
-3.75458e-10,3.75458e-10,6.64635e-10,8.03401e-10,8.89511e-10,9.47506e-10,9.9812e-10,1.08439e-09,1.21891e-09,1.26095e-09,1.16136e-09,1.04684e-09,9.89401e-10,9.52114e-10,8.823e-10,7.26339e-10,3.88973e-10,-3.88973e-10,
-2.60168e-10,2.60168e-10,5.40563e-10,7.21684e-10,8.40319e-10,9.32475e-10,1.05152e-09,1.20604e-09,1.24959e-09,1.13989e-09,1.01753e-09,9.6352e-10,9.49143e-10,9.42076e-10,9.20342e-10,8.2045e-10,4.42216e-10,-4.42216e-10,
-1.85596e-10,1.85596e-10,4.7172e-10,6.73077e-10,8.224e-10,9.8345e-10,1.1693e-09,1.22901e-09,1.11887e-09,9.88455e-10,9.28991e-10,9.17794e-10,9.3447e-10,9.81743e-10,1.02507e-09,8.88925e-10,3.99081e-10,-3.99081e-10,
-1.55212e-10,1.55212e-10,4.40193e-10,6.62838e-10,8.79042e-10,1.1064e-09,1.19372e-09,1.09604e-09,9.64013e-10,8.97624e-10,8.8203e-10,9.01964e-10,9.7306e-10,1.08306e-09,1.08759e-09,8.2427e-10,3.05724e-10,-3.05724e-10,
-1.42531e-10,1.42531e-10,4.36052e-10,7.19322e-10,9.97363e-10,1.12541e-09,1.06015e-09,9.41757e-10,8.73571e-10,8.52337e-10,8.6615e-10,9.32779e-10,1.05502e-09,1.13175e-09,1.02264e-09,7.06259e-10,2.51549e-10,-2.51549e-10,
-1.47999e-10,1.47999e-10,4.87543e-10,8.12017e-10,9.86029e-10,9.73323e-10,8.90599e-10,8.32822e-10,8.09455e-10,8.13848e-10,8.59283e-10,9.58903e-10,1.05885e-09,1.04741e-09,8.8069e-10,6.03145e-10,2.31848e-10,-2.31848e-10,
-1.81647e-10,1.81647e-10,5.23014e-10,7.23423e-10,7.62764e-10,7.28895e-10,6.94467e-10,6.75237e-10,6.70481e-10,6.87492e-10,7.46012e-10,8.37462e-10,8.65722e-10,7.81185e-10,6.33312e-10,4.46354e-10,1.81556e-10,-1.81556e-10,
-1.42255e-10,1.42255e-10,2.92847e-10,3.29819e-10,3.18984e-10,3.08473e-10,3.01608e-10,2.94286e-10,2.89683e-10,3.08752e-10,3.68814e-10,4.01945e-10,3.66039e-10,3.04263e-10,2.47312e-10,1.76627e-10,6.8849e-11,-6.8849e-11,
1.42255e-10,-1.42255e-10,-2.92847e-10,-3.29819e-10,-3.18984e-10,-3.08473e-10,-3.01608e-10,-2.94286e-10,-2.89683e-10,-3.08752e-10,-3.68814e-10,-4.01945e-10,-3.66039e-10,-3.04263e-10,-2.47312e-10,-1.76627e-10,-6.8849e-11,6.8849e-11,
