1.99065e-07,-1.99065e-07,-2.639e-07,-3.21004e-07,-3.72086e-07,-4.05248e-07,-4.42549e-07,-5.1952e-07,-5.84935e-07,-5.45223e-07,-4.51334e-07,-4.01878e-07,-3.98477e-07,-3.99744e-07,-3.88021e-07,-3.7612e-07,-3.02594e-07,3.02594e-07,
-1.99065e-07,1.99065e-07,2.639e-07,3.21004e-07,3.72086e-07,4.05248e-07,4.42549e-07,5.1952e-07,5.84935e-07,5.45223e-07,4.51334e-07,4.01878e-07,3.98477e-07,3.99744e-07,3.88021e-07,3.7612e-07,3.02594e-07,-3.02594e-07,
-2.76319e-07,2.76319e-07,5.19122e-07,6.80105e-07,7.94317e-07,8.99508e-07,1.03479e-06,1.13705e-06,1.08901e-06,9.43773e-07,8.39616e-07,8.08835e-07,8.13317e-07,8.29713e-07,8.66926e-07,8.69633e-07,5.34426e-07,-5.34426e-07,
-3.48937e-07,3.48937e-07,6.96671e-07,9.21351e-07,1.10352e-06,1.2951e-06,1.433e-06,1.39827e-06,1.24205e-06,1.11311e-06,1.0598e-06,1.05443e-06,1.08248e-06,1.16399e-06,1.25775e-06,1.1017e-06,5.37805e-07,-5.37805e-07,
-4.06647e-07,4.06647e-07,8.14046e-07,1.1069e-06,1.37526e-06,1.56502e-06,1.55954e-06,1.40959e-06,1.27347e-06,1.21e-06,1.19432e-06,1.21698e-06,1.31438e-06,1.46941e-06,1.43538e-06,1.07758e-06,4.8417e-07,-4.8417e-07,
-4.39136e-07,4.39136e-07,9.21284e-07,1.30529e-06,1.57279e-06,1.61923e-06,1.4971e-06,1.37118e-06,1.30935e-06,1.28883e-06,1.30058e-06,1.3935e-06,1.57547e-06,1.61895e-06,1.38869e-06,9.95153e-07,4.70574e-07,-4.70574e-07,
-4.8507e-07,4.8507e-07,1.07765e-06,1.46589e-06,1.59251e-06,1.52416e-06,1.42889e-06,1.3813e-06,1.36482e-06,1.37115e-06,1.45419e-06,1.63889e-06,1.71445e-06,1.55612e-06,1.28567e-06,9.65245e-07,4.7508e-07,-4.7508e-07,
-5.68925e-07,5.68925e-07,1.19091e-06,1.44879e-06,1.46556e-06,1.4241e-06,1.40537e-06,1.40351e-06,1.41622e-06,1.49864e-06,1.6798e-06,1.76061e-06,1.63311e-06,1.43415e-06,1.24256e-06,9.69043e-07,4.7148e-07,-4.7148e-07,
-6.16086e-07,6.16086e-07,1.12892e-06,1.29084e-06,1.33945e-06,1.37225e-06,1.4003e-06,1.43308e-06,1.52578e-06,1.70472e-06,1.77546e-06,1.65013e-06,1.48397e-06,1.36847e-06,1.23576e-06,9.77201e-07,4.7704e-07,-4.7704e-07,
-5.26608e-07,5.26608e-07,9.32214e-07,1.12684e-06,1.2476e-06,1.32892e-06,1.39994e-06,1.52098e-06,1.70966e-06,1.7686e-06,1.6289e-06,1.46828e-06,1.38771e-06,1.33539e-06,1.23745e-06,1.01873e-06,5.45582e-07,-5.45582e-07,
-3.64903e-07,3.64903e-07,7.58183e-07,1.01221e-06,1.17859e-06,1.30783e-06,1.47481e-06,1.6916e-06,1.75268e-06,1.5988e-06,1.42716e-06,1.35141e-06,1.33123e-06,1.32131e-06,1.2908e-06,1.15069e-06,6.20245e-07,-6.20245e-07,
-2.60308e-07,2.60308e-07,6.61622e-07,9.44038e-07,1.15348e-06,1.37935e-06,1.64004e-06,1.7238e-06,1.56932e-06,1.38639e-06,1.30298e-06,1.28727e-06,1.31066e-06,1.37697e-06,1.43773e-06,1.24678e-06,5.59737e-07,-5.59737e-07,
-2.17686e-07,2.17686e-07,6.17393e-07,9.29668e-07,1.23293e-06,1.55181e-06,1.67429e-06,1.53728e-06,1.3521e-06,1.25898e-06,1.2371e-06,1.26506e-06,1.36477e-06,1.51908e-06,1.52543e-06,1.1561e-06,4.28798e-07,-4.28798e-07,
-1.99901e-07,1.99901e-07,6.11586e-07,1.00889e-06,1.39888e-06,1.57848e-06,1.48694e-06,1.32088e-06,1.22523e-06,1.19545e-06,1.21483e-06,1.30828e-06,1.47973e-06,1.58737e-06,1.43433e-06,9.90587e-07,3.52812e-07,-3.52812e-07,
-2.0757e-07,2.0757e-07,6.83811e-07,1.13891e-06,1.383e-06,1.36517e-06,1.24913e-06,1.16808e-06,1.1353e-06,1.14145e-06,1.20519e-06,1.34493e-06,1.48512e-06,1.46909e-06,1.23525e-06,8.45962e-07,3.25178e-07,-3.25178e-07,
-2.54768e-07,2.54768e-07,7.33586e-07,1.01467e-06,1.06985e-06,1.02233e-06,9.74036e-07,9.47051e-07,9.40377e-07,9.64231e-07,1.04633e-06,1.17463e-06,1.21427e-06,1.09569e-06,8.88278e-07,6.26045e-07,2.54635e-07,-2.54635e-07,
-1.99519e-07,1.99519e-07,4.10762e-07,4.62604e-07,4.47399e-07,4.32651e-07,4.2302e-07,4.12745e-07,4.06286e-07,4.3303e-07,5.17284e-07,5.63783e-07,5.13408e-07,4.26755e-07,3.46871e-07,2.47727e-07,9.65568e-08,-9.65568e-08,
1.99519e-07,-1.99519e-07,-4.10762e-07,-4.62604e-07,-4.47399e-07,-4.32651e-07,-4.2302e-07,-4.12745e-07,-4.06286e-07,-4.3303e-07,-5.17284e-07,-5.63783e-07,-5.13408e-07,-4.26755e-07,-3.46871e-07,-2.47727e-07,-9.65568e-08,9.65568e-08,
