0.000290119,-0.000290119,-0.000381932,-0.000459892,-0.000529442,-0.00057457,-0.000626425,-0.000735238,-0.000830662,-0.00077805,-0.000646008,-0.000574517,-0.000567347,-0.000567015,-0.000548937,-0.00053118,-0.000427155,0.000427155,
-0.000290119,0.000290119,0.000381932,0.000459892,0.000529442,0.00057457,0.000626425,0.000735238,0.000830662,0.00077805,0.000646008,0.000574517,0.000567347,0.000567015,0.000548937,0.00053118,0.000427155,-0.000427155,
-0.00039742,0.00039742,0.0007378,0.000960285,0.001118,0.00126503,0.00145682,0.00160599,0.00154393,0.0013406,0.0011913,0.00114379,0.00114612,0.00116641,0.00121768,0.00122269,0.000756375,-0.000756375,
-0.000494207,0.000494207,0.00097972,0.00129191,0.00154663,0.00181773,0.00201759,0.00197516,0.0017571,0.00157306,0.00149349,0.00148134,0.00151758,0.00163127,0.00176543,0.00155421,0.000763353,-0.000763353,
-0.000570094,0.000570094,0.00113826,0.00154783,0.00192658,0.00219934,0.00219841,0.00198952,0.00179552,0.00170167,0.00167497,0.00170358,0.00183974,0.00206056,0.00202202,0.00152373,0.000685209,-0.000685209,
-0.00061178,0.00061178,0.00128544,0.00182597,0.00220758,0.00227969,0.00211009,0.00193048,0.001839,0.00180555,0.00181886,0.00194873,0.00220747,0.00227794,0.00195929,0.00140328,0.000660951,-0.000660951,
-0.000673627,0.000673627,0.00150447,0.0020548,0.00223934,0.00214527,0.00200867,0.00193723,0.00190954,0.00191534,0.00203138,0.0022939,0.00240904,0.0021909,0.00180751,0.00135196,0.00066081,-0.00066081,
-0.000790204,0.000790204,0.00166552,0.00203369,0.0020589,0.00199768,0.00196674,0.00195967,0.00197458,0.0020899,0.00234746,0.00246953,0.00229403,0.00201051,0.0017353,0.00134647,0.000649514,-0.000649514,
-0.00085742,0.00085742,0.00158074,0.00180927,0.00187432,0.00191569,0.00195068,0.00199393,0.00212386,0.00237837,0.00248584,0.00231278,0.00207493,0.0019063,0.00171437,0.00134915,0.000652979,-0.000652979,
-0.000733578,0.000733578,0.00130249,0.00157248,0.00173744,0.00184728,0.0019443,0.00211416,0.00238248,0.00247298,0.00227917,0.00204886,0.00192922,0.00185004,0.0017093,0.00140323,0.000748174,-0.000748174,
-0.000504658,0.000504658,0.0010522,0.0014045,0.00163396,0.00181279,0.00204723,0.00235519,0.00244841,0.00223427,0.00198826,0.00187533,0.00184125,0.00182392,0.00178112,0.00158886,0.000854836,-0.000854836,
-0.00035305,0.00035305,0.000909531,0.00130176,0.00159327,0.0019105,0.00228022,0.00240504,0.00218982,0.00192795,0.00180437,0.00177673,0.00180635,0.0018996,0.00198899,0.00172813,0.000774018,-0.000774018,
-0.000289038,0.000289038,0.000841431,0.00127651,0.00170229,0.0021538,0.00233273,0.00214196,0.00187714,0.00174016,0.00170415,0.00174049,0.00188097,0.00210207,0.00211831,0.00160822,0.000592361,-0.000592361,
-0.00026194,0.00026194,0.000830898,0.00138737,0.00193836,0.00219714,0.00207036,0.00183293,0.00169286,0.00164605,0.00167056,0.00180237,0.00204757,0.00220618,0.00200013,0.00138067,0.000485622,-0.000485622,
-0.000273073,0.000273073,0.000934483,0.00157525,0.00192385,0.00190086,0.00173464,0.00161586,0.00156528,0.00157127,0.00166107,0.00186119,0.00206486,0.00205108,0.0017266,0.00117817,0.00044632,-0.00044632,
-0.000341753,0.000341753,0.00101029,0.00140897,0.00148857,0.00141985,0.00134839,0.00130686,0.00129505,0.00132832,0.00144633,0.00163179,0.00169483,0.00153155,0.00123805,0.000866151,0.000344966,-0.000344966,
-0.000268798,0.000268798,0.000564954,0.000638812,0.000616407,0.000593919,0.000578652,0.00056301,0.000553683,0.000592432,0.00071328,0.000783023,0.000714279,0.000590993,0.000476093,0.000334531,0.000123804,-0.000123804,
0.000268798,-0.000268798,-0.000564954,-0.000638812,-0.000616407,-0.000593919,-0.000578652,-0.00056301,-0.000553683,-0.000592432,-0.00071328,-0.000783023,-0.000714279,-0.000590993,-0.000476093,-0.000334531,-0.000123804,0.000123804,
