1.77826e-08,-1.77826e-08,-2.35746e-08,-2.86762e-08,-3.32398e-08,-3.62024e-08,-3.95348e-08,-4.64109e-08,-5.22544e-08,-4.87065e-08,-4.03189e-08,-3.5901e-08,-3.55974e-08,-3.57107e-08,-3.46635e-08,-3.36005e-08,-2.70321e-08,2.70321e-08,
-1.77826e-08,1.77826e-08,2.35746e-08,2.86762e-08,3.32398e-08,3.62024e-08,3.95348e-08,4.64109e-08,5.22544e-08,4.87065e-08,4.03189e-08,3.5901e-08,3.55974e-08,3.57107e-08,3.46635e-08,3.36005e-08,2.70321e-08,-2.70321e-08,
-2.46842e-08,2.46842e-08,4.63751e-08,6.07569e-08,7.09602e-08,8.03575e-08,9.24427e-08,1.01577e-07,9.72856e-08,8.43107e-08,7.50061e-08,7.22567e-08,7.26574e-08,7.41224e-08,7.74469e-08,7.76886e-08,4.77425e-08,-4.77425e-08,
-3.11719e-08,3.11719e-08,6.22371e-08,8.23091e-08,9.85836e-08,1.15698e-07,1.28017e-07,1.24913e-07,1.10958e-07,9.94389e-08,9.46772e-08,9.41975e-08,9.67033e-08,1.03985e-07,1.12361e-07,9.84201e-08,4.80441e-08,-4.80441e-08,
-3.6328e-08,3.6328e-08,7.27233e-08,9.88856e-08,1.22859e-07,1.39811e-07,1.39321e-07,1.25925e-07,1.13765e-07,1.08095e-07,1.06695e-07,1.0872e-07,1.17421e-07,1.3127e-07,1.2823e-07,9.62651e-08,4.32529e-08,-4.32529e-08,
-3.92307e-08,3.92307e-08,8.23037e-08,1.16609e-07,1.40505e-07,1.44653e-07,1.33743e-07,1.22494e-07,1.16971e-07,1.15138e-07,1.16188e-07,1.24489e-07,1.40745e-07,1.44629e-07,1.24058e-07,8.89016e-08,4.20388e-08,-4.20388e-08,
-4.33344e-08,4.33344e-08,9.62728e-08,1.30956e-07,1.42267e-07,1.36161e-07,1.2765e-07,1.23399e-07,1.21927e-07,1.22493e-07,1.29911e-07,1.46411e-07,1.53161e-07,1.39016e-07,1.14855e-07,8.62306e-08,4.24419e-08,-4.24419e-08,
-5.08257e-08,5.08257e-08,1.06391e-07,1.29428e-07,1.30926e-07,1.27222e-07,1.2555e-07,1.25384e-07,1.2652e-07,1.33883e-07,1.50066e-07,1.57285e-07,1.45894e-07,1.2812e-07,1.11005e-07,8.65708e-08,4.21207e-08,-4.21207e-08,
-5.50388e-08,5.50388e-08,1.00853e-07,1.15317e-07,1.1966e-07,1.22591e-07,1.25097e-07,1.28026e-07,1.36307e-07,1.52292e-07,1.58612e-07,1.47415e-07,1.32571e-07,1.22254e-07,1.10399e-07,8.73003e-08,4.26179e-08,-4.26179e-08,
-4.7045e-08,4.7045e-08,8.32799e-08,1.00667e-07,1.11456e-07,1.18721e-07,1.25066e-07,1.35879e-07,1.52734e-07,1.57998e-07,1.45518e-07,1.3117e-07,1.23973e-07,1.19299e-07,1.1055e-07,9.10108e-08,4.87411e-08,-4.87411e-08,
-3.25992e-08,3.25992e-08,6.77334e-08,9.04272e-08,1.05292e-07,1.16837e-07,1.31754e-07,1.51121e-07,1.56577e-07,1.4283e-07,1.27497e-07,1.2073e-07,1.18928e-07,1.18042e-07,1.15317e-07,1.02799e-07,5.5411e-08,-5.5411e-08,
-2.32556e-08,2.32556e-08,5.91077e-08,8.43377e-08,1.03049e-07,1.23227e-07,1.46515e-07,1.53997e-07,1.40196e-07,1.23855e-07,1.16404e-07,1.15001e-07,1.1709e-07,1.23014e-07,1.28442e-07,1.11383e-07,5.00051e-08,-5.00051e-08,
-1.94484e-08,1.94484e-08,5.5157e-08,8.30544e-08,1.10147e-07,1.38634e-07,1.49574e-07,1.37335e-07,1.20792e-07,1.12473e-07,1.10519e-07,1.13017e-07,1.21925e-07,1.3571e-07,1.36276e-07,1.03282e-07,3.83075e-08,-3.83075e-08,
-1.78597e-08,1.78597e-08,5.46385e-08,9.01313e-08,1.24972e-07,1.41015e-07,1.32837e-07,1.18003e-07,1.09459e-07,1.06798e-07,1.0853e-07,1.16878e-07,1.32194e-07,1.4181e-07,1.28137e-07,8.8495e-08,3.15193e-08,-3.15193e-08,
-1.85449e-08,1.85449e-08,6.10905e-08,1.01747e-07,1.23552e-07,1.21959e-07,1.11593e-07,1.04353e-07,1.01424e-07,1.01975e-07,1.07669e-07,1.20152e-07,1.32675e-07,1.31242e-07,1.10352e-07,7.55749e-08,2.90506e-08,-2.90506e-08,
-2.27611e-08,2.27611e-08,6.55366e-08,9.0647e-08,9.55761e-08,9.13316e-08,8.70172e-08,8.46068e-08,8.40108e-08,8.61418e-08,9.34758e-08,1.04937e-07,1.08477e-07,9.78843e-08,7.93551e-08,5.59289e-08,2.27489e-08,-2.27489e-08,
-1.7825e-08,1.7825e-08,3.66964e-08,4.13277e-08,3.99694e-08,3.86521e-08,3.77918e-08,3.6874e-08,3.6297e-08,3.86861e-08,4.62127e-08,5.03663e-08,4.58658e-08,3.81248e-08,3.09887e-08,2.21319e-08,8.6269e-09,-8.6269e-09,
1.7825e-08,-1.7825e-08,-3.66964e-08,-4.13277e-08,-3.99694e-08,-3.86521e-08,-3.77918e-08,-3.6874e-08,-3.6297e-08,-3.86861e-08,-4.62127e-08,-5.03663e-08,-4.58658e-08,-3.81248e-08,-3.09887e-08,-2.21319e-08,-8.6269e-09,8.6269e-09,
