-1.60809,1.60809,4.8242,8.0401,11.2557,14.4708,17.6853,20.899,24.1118,27.3235,30.5338,33.7426,36.9494,40.1541,43.3561,46.5549,49.7503,52.9429,56.1387,59.3625,62.698,66.3868,71.0363,77.9774,89.7283,110.328,145.053,198.945,274.014,365.974,462.457,544.78,593.732,597.26,
-1.51691,1.51691,4.5508,7.5849,10.6193,13.6542,16.6897,19.726,22.7632,25.8015,28.8412,31.8824,34.9256,37.9709,41.019,44.0704,47.1264,50.1901,53.2711,56.399,59.6629,63.3069,67.9313,74.8425,86.5152,106.943,141.396,194.99,269.895,361.982,458.912,541.802,591.01,593.732,
-1.42615,1.42615,4.27866,7.13178,9.98589,12.8414,15.6987,18.5583,21.4207,24.2865,27.1563,30.0308,32.9109,35.7976,38.6921,41.5963,44.5125,47.4455,50.406,53.4233,56.5799,60.0961,64.5101,70.9924,81.7677,100.443,131.801,180.525,248.65,332.497,420.888,496.631,541.802,544.78,
-1.33662,1.33662,4.0102,6.68479,9.36101,12.0395,14.7211,17.4064,20.0964,22.7919,25.494,28.2039,30.923,33.6529,36.3956,39.1536,41.9303,44.731,47.5662,50.4614,53.4849,56.8164,60.8938,66.6719,75.9706,91.7506,117.952,158.45,214.953,284.473,357.832,420.888,458.912,462.457,
-1.24906,1.24906,3.74765,6.24762,8.74987,11.2553,13.7649,16.2798,18.8011,21.33,23.8681,26.4169,28.9783,31.5545,34.1481,36.7622,39.4007,42.0691,44.7769,47.5443,50.4226,53.5452,57.2357,62.2018,69.7963,82.2257,102.435,133.329,176.208,228.865,284.473,332.497,361.982,365.974,
-1.16412,1.16412,3.49295,5.82355,8.15702,10.4946,12.8374,15.1869,17.5445,19.9118,22.2906,24.6829,27.0911,29.5179,31.9662,34.4397,36.9428,39.4809,42.0622,44.702,47.436,50.3545,53.6757,57.8762,63.8699,73.1509,87.7175,109.548,139.537,176.208,214.953,248.65,269.895,274.014,
-1.08234,1.08234,3.24774,5.41525,7.58622,9.76207,11.9443,14.1345,16.3344,18.546,20.7713,23.0128,25.2733,27.5557,29.8636,32.201,34.5726,36.9839,39.4422,41.9589,44.5579,47.2958,50.3073,53.8856,58.5928,65.3493,75.3885,89.9345,109.548,133.33,158.45,180.525,194.991,198.944,
-1.00413,1.00413,3.01324,5.02479,7.04035,9.06155,11.0901,13.1279,15.177,17.2395,19.3179,21.4149,23.5337,25.6776,27.8506,30.0572,32.3022,34.5915,36.9317,39.3321,41.8085,44.3953,47.1697,50.2978,54.096,59.0819,65.9498,75.3893,87.7188,102.437,117.954,131.802,141.396,145.053,
-0.929795,0.929795,2.79033,4.65362,6.52142,8.39558,10.278,12.1709,14.0764,15.997,17.9354,19.8948,21.8785,23.8902,25.9344,28.0158,30.1397,32.3121,34.5398,36.8307,39.1967,41.6586,44.2594,47.0872,50.307,54.1864,59.083,65.3511,73.1531,82.228,91.7527,100.444,106.944,110.328,
-0.859491,0.859491,2.57951,4.30257,6.0306,7.76563,9.50981,11.2654,13.0349,14.8211,16.6269,18.4556,20.311,22.1972,24.1187,26.0808,28.0891,30.1499,32.2702,34.4578,36.7224,39.0784,41.5502,44.1835,47.0599,50.3083,54.0982,58.5957,63.8732,69.7994,75.9733,81.7696,86.5159,89.7276,
-0.793284,0.793284,2.38098,3.97195,5.56832,7.17226,8.78609,10.4123,12.0535,13.7128,15.3932,17.0983,18.8322,20.5992,22.4043,24.2528,26.1508,28.105,30.1226,32.2116,34.381,36.6421,39.0107,41.5117,44.185,47.0899,50.3014,53.8898,57.8806,62.2059,66.6753,70.9948,74.8434,77.9765,
-0.731144,0.731144,2.19463,3.66162,5.13435,6.61516,8.1065,9.61103,11.1316,12.6713,14.2335,15.822,17.441,19.0951,20.7896,22.53,24.3227,26.1746,28.0934,30.0871,32.1647,34.3362,36.6136,39.0124,41.5533,44.2637,47.1749,50.3128,53.6812,57.2408,60.898,64.5129,67.9324,71.0353,
-0.672971,0.672971,2.02017,3.37106,4.72798,6.0934,7.46989,8.86023,10.2674,11.6947,13.1456,14.6241,16.1345,17.6817,19.271,20.9084,22.6002,24.3537,26.1767,28.0773,30.0647,32.1482,34.3381,36.6457,39.0833,41.6646,44.402,47.3028,50.3613,53.5513,56.8213,60.0995,63.3081,66.3856,
-0.618604,0.618604,1.85712,3.09946,4.34808,5.60552,6.87446,8.15778,9.45857,10.7802,12.1263,13.501,14.9088,16.3546,17.8438,19.3825,20.9774,22.6357,24.3652,26.1743,28.0717,30.0668,32.1686,34.3866,36.7293,39.2045,41.8169,44.5663,47.444,50.4298,53.4906,56.5837,59.6643,62.6966,
-0.567843,0.567843,1.70487,2.84583,3.99324,5.1497,6.31798,7.50101,8.70197,9.92428,11.1717,12.4484,13.7589,15.1083,16.502,17.9461,19.4474,21.0131,22.6509,24.3692,26.1765,28.0816,30.0932,32.2192,34.4666,36.8404,39.3421,41.9688,44.7112,47.5524,50.4679,53.4276,56.4006,59.3609,
-0.520459,0.520459,1.56274,2.60902,3.66185,4.72388,5.79791,6.88693,7.99413,9.12301,10.2774,11.4613,12.6795,13.937,15.2392,16.5923,18.0028,19.478,21.0255,22.6533,24.3698,26.1832,28.1017,30.1323,32.281,34.5512,36.9433,39.4535,42.0727,44.786,47.5733,50.4107,53.2728,56.137,
-0.476207,0.476207,1.43,2.3878,3.35219,4.32584,5.31156,6.31234,7.33138,8.37218,9.43853,10.5346,11.6649,12.8344,14.0487,15.3137,16.636,18.0224,19.4804,21.0178,22.6426,24.3625,26.1851,28.1168,30.1626,32.3253,34.6047,36.9966,39.4925,42.0791,44.7388,47.4506,50.192,52.9411,
-0.434835,0.434835,1.30588,2.18092,3.06252,3.95333,4.85616,5.77397,6.70994,7.66754,8.6505,9.66293,10.7093,11.7945,12.924,14.1035,15.3394,16.6384,18.0076,19.4545,20.9866,22.6112,24.3352,26.1645,28.1035,30.1545,32.3168,34.5865,36.9554,39.4114,41.9387,44.5179,47.1283,49.7484,
-0.396091,0.396091,1.18962,1.9871,2.79105,3.60408,4.42894,5.26856,6.12606,7.00483,7.90854,8.84119,9.80715,10.8112,11.8585,12.9547,14.1059,15.3185,16.5994,17.9555,19.3939,20.9214,22.5444,24.2683,26.0969,28.032,30.073,32.2159,34.4532,36.7736,39.1625,41.602,44.0724,46.5529,
-0.359728,0.359728,1.0805,1.80513,2.53606,3.27586,4.0272,4.79293,5.57608,6.37995,7.20809,8.06436,8.95298,9.87854,10.846,11.8608,12.9287,14.0558,15.2485,16.5134,17.8571,19.2859,20.8057,22.4213,24.1362,25.9519,27.8676,29.8794,31.9804,34.1601,36.4048,38.6981,41.0211,43.354,
-0.325506,0.325506,0.977792,1.6338,2.2959,2.96655,3.64835,4.34403,5.05652,5.78896,6.54478,7.32766,8.14164,8.99109,9.88073,10.8157,11.8013,12.8435,13.9482,15.1215,16.3696,17.6982,19.1128,20.6176,22.2158,23.9087,25.6954,27.5722,29.5326,31.5669,33.6624,35.8036,37.9731,40.1519,
-0.293199,0.293199,0.880814,1.47198,2.06897,2.67413,3.28993,3.91897,4.56404,5.22814,5.9145,6.62662,7.3683,8.14367,8.95717,9.81358,10.718,11.6757,12.6924,13.7738,14.9253,16.1523,17.4598,18.8516,20.3305,21.8976,23.552,25.2902,27.1062,28.9909,30.9327,32.917,34.9277,36.9473,
-0.262592,0.262592,0.788923,1.31861,1.85379,2.39668,2.9496,3.51502,4.09554,4.69399,5.31339,5.95703,6.62845,7.3315,8.07031,8.8493,9.67319,10.5469,11.4756,12.4645,13.5186,14.6428,15.8416,17.1184,18.4757,19.9144,21.4335,23.03,24.6981,26.4296,28.2136,30.0369,31.8846,33.7404,
-0.233481,0.233481,0.701513,1.17267,1.64894,2.1324,2.6252,3.12963,3.64811,4.18327,4.73789,5.31502,5.91793,6.55015,7.21549,7.91801,8.662,9.45198,10.2926,11.1886,12.1446,13.1649,14.2535,15.4135,16.6471,17.9551,19.3365,20.7884,22.3056,23.8806,25.5035,27.1623,28.8433,30.5317,
-0.20568,0.20568,0.61802,1.03323,1.45313,1.87963,2.3147,2.76043,3.21905,3.69294,4.18466,4.69698,5.23288,5.79556,6.38847,7.01528,7.67988,8.38633,9.13881,9.94154,10.7987,11.7141,12.6912,13.7329,14.8411,16.0163,17.2577,18.5626,19.9264,21.3422,22.8011,24.2923,25.8036,27.3214,
-0.17901,0.17901,0.537914,0.899404,1.26513,1.6368,2.0162,2.40521,2.80584,3.22021,3.65064,4.0996,4.56976,5.06398,5.58533,6.13709,6.7227,7.34578,8.01002,8.71914,9.4768,10.2864,11.151,12.0731,13.0542,14.0949,15.1944,16.3503,17.5584,18.8126,20.1051,21.4262,22.7651,24.1099,
-0.153307,0.153307,0.460704,0.770383,1.0838,1.40247,1.72796,2.06193,2.40615,2.76249,3.13299,3.51981,3.9253,4.35196,4.80248,5.27971,5.78667,6.32649,6.90239,7.5176,8.17527,8.87836,9.62949,10.4308,11.2835,12.1883,13.1442,14.1493,15.1998,16.2905,17.4145,18.5634,19.7278,20.8972,
-0.128419,0.128419,0.385927,0.645397,0.908082,1.17528,1.44833,1.72867,2.01781,2.31737,2.62906,2.95477,3.29647,3.65632,4.0366,4.43975,4.86832,5.32498,5.81245,6.33346,6.89069,7.48662,8.12348,8.80301,9.52636,10.2939,11.1049,11.9577,12.8491,13.7746,14.7283,15.7033,16.6913,17.6837,
-0.104199,0.104199,0.313154,0.523733,0.736976,0.953954,1.17579,1.40366,1.63881,1.88259,2.13641,2.40183,2.68047,2.97412,3.28465,3.61405,3.96444,4.338,4.73695,5.16355,5.61995,6.10822,6.63014,7.18714,7.78015,8.40944,9.07448,9.77376,10.5047,11.2637,12.0458,12.8453,13.6556,14.4694,
-0.0805132,0.0805132,0.241976,0.404715,0.569546,0.737311,0.908888,1.0852,1.26724,1.45604,1.65273,1.85852,2.07468,2.3026,2.54375,2.79969,3.07206,3.36256,3.67293,4.00491,4.3602,4.74038,5.14684,5.58068,6.04263,6.53288,7.05101,7.59584,8.16537,8.75673,9.36615,9.98911,10.6204,11.2546,
-0.0572319,0.0572319,0.17201,0.287705,0.404905,0.524216,0.646269,0.77173,0.901305,1.03575,1.17586,1.3225,1.47661,1.63916,1.81122,1.9939,2.18837,2.39585,2.61758,2.85481,3.10875,3.38052,3.67112,3.98134,4.31167,4.66227,5.03283,5.42249,5.82982,6.25276,6.68864,7.13419,7.58573,8.03927,
-0.0342322,0.0342322,0.102886,0.172092,0.242206,0.313591,0.386629,0.461721,0.539292,0.619795,0.703715,0.791571,0.883921,0.981358,1.08452,1.19407,1.31072,1.4352,1.56825,1.71063,1.86305,2.0262,2.20067,2.38692,2.58527,2.79579,3.0183,3.25229,3.49689,3.75087,4.01261,4.28017,4.55132,4.82368,
-0.0113952,0.0113952,0.0342489,0.0572871,0.0806281,0.104394,0.128711,0.153715,0.179547,0.206357,0.234309,0.263575,0.294341,0.326806,0.361181,0.397691,0.436569,0.478061,0.522415,0.569879,0.620696,0.675091,0.733261,0.795365,0.861502,0.9317,1.0059,1.08392,1.16548,1.25017,1.33745,1.42667,1.51709,1.60791,
0.0113952,-0.0113952,-0.0342489,-0.0572871,-0.0806281,-0.104394,-0.128711,-0.153715,-0.179547,-0.206357,-0.234309,-0.263575,-0.294341,-0.326806,-0.361181,-0.397691,-0.436569,-0.478061,-0.522415,-0.569879,-0.620696,-0.675091,-0.733261,-0.795365,-0.861502,-0.9317,-1.0059,-1.08392,-1.16548,-1.25017,-1.33745,-1.42667,-1.51709,-1.60791,
