-1.60747,1.60747,4.82235,8.03705,11.2515,14.4655,17.6789,20.8916,24.1035,27.3143,30.5239,33.732,36.9384,40.1426,43.3443,46.5429,49.7382,52.9309,56.1268,59.3509,62.6868,66.3761,71.0262,77.9679,89.7197,110.321,145.046,198.939,274.009,365.97,462.454,544.778,593.732,597.26,
-1.51753,1.51753,4.55265,7.58795,10.6235,13.6595,16.6961,19.7334,22.7715,25.8107,28.8511,31.893,34.9366,37.9824,41.0308,44.0824,47.1385,50.2022,53.283,56.4107,59.6742,63.3176,67.9414,74.8519,86.5239,106.951,141.403,194.996,269.9,361.986,458.915,541.804,591.01,593.732,
-1.428,1.428,4.28417,7.14087,9.99845,12.8573,15.7178,18.5803,21.4455,24.3138,27.1858,30.0622,32.9439,35.8318,38.7273,41.6321,44.5485,47.4814,50.4414,53.4579,56.6134,60.1281,64.5403,71.0205,81.7935,100.466,131.821,180.542,248.664,332.508,420.897,496.636,541.804,544.778,
-1.33967,1.33967,4.01929,6.69977,9.38172,12.0657,14.7525,17.4427,20.1372,22.8368,25.5426,28.2557,30.9774,33.7094,36.4536,39.2126,41.9897,44.7902,47.6246,50.5184,53.54,56.869,60.9436,66.7182,76.0131,91.789,117.986,158.479,214.977,284.491,357.845,420.897,458.915,462.454,
-1.25326,1.25326,3.76019,6.26832,8.77846,11.2915,13.8083,16.3299,18.8574,21.3921,23.9352,26.4883,29.0534,31.6325,34.2282,36.8436,39.4826,42.1508,44.8575,47.623,50.4987,53.6179,57.3044,62.2658,69.855,82.2787,102.482,133.369,176.241,228.891,284.491,332.508,361.986,365.97,
-1.16943,1.16943,3.5088,5.8497,8.19315,10.5403,12.8922,15.2502,17.6157,19.9901,22.3753,24.7732,27.186,29.6164,32.0674,34.5426,37.0463,39.5841,42.164,44.8014,47.5321,50.4464,53.7624,57.957,63.9441,73.2177,87.7765,109.598,139.579,176.241,214.977,248.664,269.9,274.009,
-1.0887,1.0887,3.26671,5.44656,7.62948,9.81679,12.0099,14.2103,16.4196,18.6397,20.8727,23.1208,25.3868,27.6736,29.9847,32.3241,34.6965,37.1074,39.564,42.0779,44.6729,47.4057,50.4111,53.9824,58.6816,65.4293,75.4591,89.9951,109.598,133.369,158.479,180.542,194.996,198.939,
-1.01148,1.01148,3.03513,5.06091,7.09025,9.12468,11.1658,13.2154,15.2753,17.3476,19.4348,21.5395,23.6646,25.8136,27.9903,30.1992,32.4451,34.7339,37.0722,39.4693,41.9412,44.5221,47.2895,50.4094,54.1984,59.1743,66.0312,75.4592,87.7766,102.482,117.986,131.822,141.403,145.046,
-0.938035,0.938035,2.8149,4.69415,6.57742,8.46641,10.363,12.269,14.1867,16.1183,18.0667,20.0346,22.0254,24.0428,26.0911,28.1751,30.3001,32.4719,34.6974,36.9847,39.3455,41.8008,44.3937,47.2124,50.4219,54.29,59.1744,65.4295,73.2179,82.2789,91.7891,100.466,106.951,110.321,
-0.868539,0.868539,2.60649,4.34708,6.09209,7.84342,9.60305,11.3731,13.1561,14.9544,16.771,18.6091,20.4723,22.3647,24.2908,26.2557,28.2651,30.3253,32.4433,34.6269,36.8859,39.2346,41.6977,44.321,47.1861,50.422,54.1986,58.6819,63.9444,69.8552,76.0134,81.7936,86.5239,89.7196,
-0.803043,0.803043,2.41008,4.01996,5.63464,7.25615,8.88666,10.5285,12.1842,13.8565,15.5486,17.2639,19.0062,20.7799,22.5898,24.4414,26.3407,28.2942,30.3093,32.3939,34.5572,36.8106,39.1699,41.66,44.3212,47.2127,50.4097,53.9827,57.9574,62.2662,66.7185,71.0207,74.852,77.9679,
-0.741512,0.741512,2.22555,3.71262,5.20481,6.70429,8.21335,9.73447,11.2703,12.8239,14.3986,15.9978,17.6258,19.2871,20.9867,22.7304,24.5244,26.3756,28.2917,30.2808,32.3519,34.5152,36.7827,39.17,41.698,44.3941,47.2899,50.4116,53.7629,57.3048,60.9439,64.5405,67.9415,71.0261,
-0.68384,0.68384,2.05258,3.42452,4.80185,6.18683,7.58189,8.98963,10.4129,11.8547,13.3186,14.8084,16.3282,17.8829,19.4777,21.1184,22.8116,24.5644,26.3846,28.2804,30.261,32.3359,34.5154,36.8109,39.235,41.8014,44.5227,47.4063,50.447,53.6184,56.8695,60.1284,63.3177,66.376,
-0.629862,0.629862,1.89069,3.15484,4.42459,5.70229,6.99046,8.2918,9.60924,10.946,12.3056,13.6919,15.1094,16.5629,18.0578,19.6001,21.1964,22.854,24.5806,26.3847,28.2751,30.2612,32.3523,34.5577,36.8865,39.3462,41.9419,44.6736,47.5328,50.4993,53.5405,56.6137,59.6743,62.6867,
-0.579375,0.579375,1.73926,2.90256,4.07161,5.24883,6.43681,7.63829,8.8563,10.0941,11.3553,12.6439,13.9644,15.3217,16.7212,18.169,19.6718,21.2367,22.8716,24.5847,26.3849,28.2808,30.2813,32.3946,34.6276,36.9855,39.4702,42.0788,44.8022,47.6237,50.519,53.4583,56.4108,59.3507,
-0.532149,0.532149,1.5976,2.66653,3.7413,4.82437,5.91837,7.02609,8.15058,9.29515,10.4635,11.6595,12.8878,14.1533,15.4614,16.8182,18.2302,19.7046,21.2491,22.8718,24.581,26.3852,28.2924,30.3101,32.4442,34.6984,37.0733,39.565,42.1649,44.8583,47.6252,50.4418,53.2831,56.1266,
-0.48794,0.48794,1.46498,2.44552,3.43193,4.4267,5.43245,6.452,7.48839,8.54494,9.62529,10.7335,11.8739,13.0516,14.2718,15.5405,16.8642,18.2498,19.7048,21.2371,22.8546,24.5652,26.3766,28.2953,30.3264,32.4731,34.7351,37.1085,39.5851,42.1517,44.7908,47.4818,50.2023,52.9307,
-0.446497,0.446497,1.34065,2.23828,3.14176,4.05357,4.9763,5.91276,6.86597,7.83921,8.83609,9.86058,10.917,12.0103,13.1456,14.3288,15.5662,16.8644,18.2306,19.6724,21.1973,22.8126,24.5255,26.3419,28.2664,30.3014,32.4465,34.6977,37.0474,39.4836,41.9904,44.549,47.1386,49.738,
-0.407568,0.407568,1.22385,2.04356,2.86904,3.70272,4.54717,5.40514,6.2796,7.17377,8.09117,9.03568,10.0116,11.0235,12.0766,13.1764,14.3291,15.5409,16.8188,18.1699,19.6012,21.1196,22.7317,24.4428,26.2571,28.1766,30.2006,32.3254,34.5438,36.8446,39.2134,41.6326,44.0826,46.5428,
-0.37091,0.37091,1.11385,1.86013,2.61205,3.37197,4.1424,4.92601,5.72568,6.54454,7.38601,8.25384,9.15213,10.0854,11.0585,12.0768,13.1461,14.2724,15.4623,16.7223,18.059,19.479,20.9882,22.5914,24.2923,26.0927,27.9918,29.9861,32.0686,34.2293,36.4545,38.7279,41.031,43.3441,
-0.33629,0.33629,1.00995,1.68684,2.36917,3.05923,3.75944,4.47236,5.20076,5.94767,6.71634,7.51036,8.33366,9.19051,10.0856,11.0239,12.0109,13.0524,14.1543,15.3229,16.5643,17.8844,19.2887,20.7816,22.3664,24.0445,25.8152,27.6751,29.6177,31.6336,33.7103,35.8324,37.9826,40.1424,
-0.303484,0.303484,0.911481,1.52257,2.13886,2.76252,3.39587,4.04136,4.70161,5.3795,6.07811,6.80086,7.55142,8.33385,9.15252,10.0122,10.9179,11.8749,12.889,13.9658,15.1109,16.3299,17.6275,19.008,20.4741,22.0271,23.6663,25.3883,27.1874,29.0545,30.9783,32.9444,34.9368,36.9382,
-0.272285,0.272285,0.817825,1.36629,1.91965,2.47998,3.04945,3.63036,4.2252,4.83664,5.46759,6.12124,6.80103,7.51072,8.2544,9.03644,9.86154,10.7346,11.6608,12.6454,13.6935,14.8101,15.9996,17.2657,18.6109,20.0363,21.5412,23.1224,24.7745,26.4895,28.2565,30.0627,31.8932,33.7318,
-0.242497,0.242497,0.728395,1.21702,1.71021,2.20989,2.71807,3.23691,3.76871,4.31594,4.88131,5.46775,6.07844,6.71684,7.38671,8.09206,8.83717,9.62655,10.4649,11.3569,12.3072,13.3204,14.4004,15.5504,16.7728,18.0684,19.4365,20.8743,22.3767,23.9363,25.5435,27.1863,28.8513,30.5237,
-0.213939,0.213939,0.64265,1.07386,1.50926,1.95062,2.39979,2.85873,3.32954,3.8145,4.31607,4.83692,5.37994,5.94829,6.54534,7.17475,7.84036,8.54626,9.29662,10.0957,10.9477,11.8565,12.8258,13.8584,14.9562,16.1201,17.3493,18.6413,19.9914,21.3932,22.8377,24.3143,25.8108,27.3142,
-0.186445,0.186445,0.560085,0.93598,1.31566,1.70071,2.09281,2.49371,2.90531,3.32965,3.76895,4.22558,4.70215,5.20147,5.72655,6.28064,6.86716,7.48973,8.15206,8.85789,9.61093,10.4146,11.2721,12.186,13.1578,14.1884,15.2769,16.4211,17.6169,18.8585,20.138,21.446,22.7717,24.1033,
-0.159858,0.159858,0.480236,0.802607,1.12832,1.45878,1.79545,2.1399,2.49379,2.85892,3.23723,3.63082,4.04196,4.4731,4.92691,5.40619,5.91396,6.45333,7.02754,7.63984,8.29343,8.99131,9.73617,10.5302,11.3748,12.2706,13.2169,14.2116,15.2514,16.3309,17.4435,18.5808,19.7335,20.8915,
-0.134034,0.134034,0.402671,0.673022,0.946246,1.22355,1.5062,1.79552,2.09296,2.40004,2.71844,3.04994,3.39649,3.76019,4.14329,4.54819,4.97744,5.43371,5.91973,6.43825,6.99197,7.58344,8.21492,8.88822,9.60458,10.3644,11.1672,12.0111,12.8933,13.8092,14.7532,15.7182,16.6963,17.6787,
-0.108838,0.108838,0.326987,0.546556,0.768508,0.99384,1.2236,1.45889,1.7009,1.95091,2.21027,2.48047,2.76312,3.05995,3.3728,3.70366,4.05461,4.42784,4.82559,5.25012,5.70363,6.1882,6.70567,7.25753,7.84475,8.46769,9.12586,9.81786,10.5412,11.2923,12.0663,12.8576,13.6597,14.4653,
-0.0841451,0.0841451,0.252807,0.422584,0.594234,0.76854,0.946323,1.12845,1.31586,1.50954,1.71057,1.9201,2.1394,2.36981,2.61277,2.86985,3.14266,3.4329,3.74233,4.0727,4.42572,4.803,5.20597,5.63578,6.0932,6.57847,7.09123,7.63036,8.19392,8.77909,9.38219,9.99874,10.6236,11.2514,
-0.0598352,0.0598352,0.179773,0.300514,0.422602,0.546602,0.673105,0.802735,0.936161,1.0741,1.21732,1.36666,1.52301,1.68735,1.86071,2.0442,2.23898,2.44627,2.66733,2.9034,3.15571,3.4254,3.7135,4.02083,4.34792,4.69495,5.06165,5.44722,5.85027,6.26879,6.70013,7.14109,7.58802,8.03698,
-0.0357948,0.0357948,0.107546,0.179781,0.252829,0.327029,0.402738,0.480333,0.560216,0.642818,0.728605,0.818077,0.911775,1.01028,1.11422,1.22426,1.3411,1.46547,1.59812,1.7398,1.89124,2.05314,2.22611,2.41063,2.60702,2.8154,3.0356,3.26713,3.50916,3.76048,4.01951,4.28431,4.5527,4.8223,
-0.0119142,0.0119142,0.0357964,0.0598405,0.084156,0.108857,0.134062,0.159897,0.186496,0.214004,0.242575,0.272378,0.303592,0.336412,0.371047,0.407718,0.446659,0.488114,0.532332,0.579565,0.630056,0.684036,0.741708,0.803235,0.868724,0.93821,1.01164,1.08885,1.16956,1.25337,1.33974,1.42805,1.51755,1.60745,
0.0119142,-0.0119142,-0.0357964,-0.0598405,-0.084156,-0.108857,-0.134062,-0.159897,-0.186496,-0.214004,-0.242575,-0.272378,-0.303592,-0.336412,-0.371047,-0.407718,-0.446659,-0.488114,-0.532332,-0.579565,-0.630056,-0.684036,-0.741708,-0.803235,-0.868724,-0.93821,-1.01164,-1.08885,-1.16956,-1.25337,-1.33974,-1.42805,-1.51755,-1.60745,
