-1.60741,1.60741,4.82217,8.03675,11.251,14.4649,17.6783,20.8909,24.1027,27.3134,30.523,33.731,36.9373,40.1415,43.3431,46.5418,49.7371,52.9297,56.1257,59.3498,62.6857,66.3751,71.0252,77.967,89.7188,110.32,145.045,198.938,274.009,365.97,462.454,544.778,593.732,597.261,
-1.51759,1.51759,4.55283,7.58825,10.624,13.6601,16.6967,19.7341,22.7723,25.8116,28.852,31.894,34.9377,37.9836,41.0319,44.0835,47.1396,50.2033,53.2841,56.4118,59.6752,63.3186,67.9424,74.8528,86.5247,106.952,141.403,194.997,269.9,361.986,458.915,541.804,591.011,593.732,
-1.42818,1.42818,4.28472,7.14176,9.99968,12.8588,15.7196,18.5825,21.4479,24.3164,27.1886,30.0652,32.9471,35.8352,38.7307,41.6355,44.552,47.4848,50.4448,53.4612,56.6166,60.1311,64.5431,71.0232,81.7959,100.468,131.823,180.544,248.665,332.51,420.897,496.636,541.804,544.778,
-1.33997,1.33997,4.02018,6.70125,9.38376,12.0683,14.7556,17.4463,20.1412,22.8412,25.5473,28.2607,30.9827,33.7149,36.4593,39.2183,41.9954,44.7959,47.6302,50.5239,53.5453,56.8741,60.9483,66.7227,76.0172,91.7926,117.989,158.481,214.979,284.493,357.847,420.897,458.915,462.454,
-1.25368,1.25368,3.76143,6.27035,8.78128,11.295,13.8126,16.3349,18.863,21.3981,23.9417,26.4953,29.0607,31.6401,34.236,36.8515,39.4906,42.1587,44.8653,47.6306,50.506,53.6248,57.311,62.2719,69.8606,82.2837,102.486,133.373,176.244,228.893,284.493,332.51,361.986,365.97,
-1.16996,1.16996,3.51037,5.85228,8.19671,10.5448,12.8976,15.2564,17.6226,19.9978,22.3836,24.782,27.1952,29.626,32.0772,34.5525,37.0563,39.594,42.1738,44.811,47.5413,50.4552,53.7707,57.9648,63.9512,73.2241,87.7821,109.603,139.583,176.244,214.979,248.665,269.9,274.009,
-1.08933,1.08933,3.26859,5.44964,7.63374,9.82218,12.0163,14.2177,16.428,18.6489,20.8826,23.1314,25.3979,27.685,29.9964,32.336,34.7085,37.1194,39.5758,42.0894,44.6839,47.4163,50.4211,53.9916,58.6901,65.437,75.4659,90.0009,109.603,133.373,158.481,180.544,194.997,198.938,
-1.0122,1.0122,3.0373,5.06448,7.09518,9.1309,11.1733,13.224,15.2849,17.3583,19.4463,21.5517,23.6774,25.8268,28.0039,30.213,32.459,34.7477,37.0858,39.4825,41.9539,44.5343,47.301,50.4201,54.2082,59.1831,66.039,75.4659,87.7821,102.486,117.989,131.823,141.403,145.045,
-0.93885,0.93885,2.81733,4.69816,6.58295,8.47341,10.3713,12.2786,14.1975,16.1303,18.0795,20.0482,22.0397,24.0577,26.1064,28.1906,30.3156,32.4874,34.7126,36.9995,39.3598,41.8145,44.4066,47.2244,50.4329,54.2999,59.1831,65.437,73.2241,82.2837,91.7926,100.468,106.952,110.32,
-0.869435,0.869435,2.60916,4.35148,6.09817,7.8511,9.61226,11.3838,13.168,14.9675,16.7851,18.6241,20.4881,22.381,24.3075,26.2727,28.2822,30.3423,32.46,34.6432,36.9016,39.2496,41.7119,44.3342,47.1982,50.4329,54.2082,58.6901,63.9512,69.8606,76.0172,81.7959,86.5247,89.7188,
-0.80401,0.80401,2.41296,4.02472,5.64121,7.26445,8.8966,10.54,12.197,13.8707,15.5639,17.2801,19.0232,20.7976,22.608,24.4598,26.3591,28.3126,30.3274,32.4115,34.5743,36.8268,39.1852,41.6743,44.3342,47.2244,50.4201,53.9916,57.9648,62.2719,66.7227,71.0232,74.8528,77.967,
-0.742542,0.742542,2.22862,3.71768,5.2118,6.71312,8.22392,9.74667,11.284,12.839,14.4148,16.0151,17.6439,19.3058,21.006,22.7499,24.544,26.3952,28.3109,30.2996,32.37,34.5325,36.799,39.1852,41.7119,44.4066,47.301,50.4211,53.7707,57.311,60.9483,64.5431,67.9424,71.0252,
-0.68492,0.68492,2.0558,3.42984,4.80918,6.1961,7.59299,9.00244,10.4273,11.8705,13.3357,14.8265,16.3473,17.9026,19.4979,21.139,22.8323,24.5849,26.4048,28.3001,30.28,32.354,34.5325,36.8268,39.2496,41.8145,44.5343,47.4163,50.4552,53.6248,56.8741,60.1311,63.3186,66.3751,
-0.630982,0.630982,1.89403,3.16035,4.43219,5.71191,7.00198,8.30509,9.62415,10.9624,12.3232,13.7107,15.1292,16.5834,18.0788,19.6214,21.2178,22.8752,24.6015,26.4051,28.2948,30.28,32.37,34.5743,36.9016,39.3598,41.9539,44.6839,47.5413,50.506,53.5453,56.6166,59.6752,62.6857,
-0.580525,0.580525,1.74269,2.90821,4.07941,5.25869,6.44862,7.65192,8.8716,10.1109,11.3735,12.6632,13.9847,15.3427,16.7427,18.1909,19.6937,21.2585,22.8931,24.6057,26.4051,28.3001,30.2996,32.4115,34.6432,36.9995,39.4825,42.0894,44.811,47.6306,50.5239,53.4612,56.4118,59.3498,
-0.533317,0.533317,1.60108,2.67227,3.74922,4.83438,5.93036,7.03993,8.16611,9.31222,10.4819,11.6791,12.9084,14.1746,15.4833,16.8404,18.2525,19.7268,21.2709,22.8931,24.6015,26.4048,28.3109,30.3274,32.46,34.7126,37.0858,39.5758,42.1738,44.8653,47.6302,50.4448,53.2841,56.1257,
-0.489114,0.489114,1.46848,2.45129,3.4399,4.43677,5.44451,6.46591,7.504,8.56209,9.64381,10.7532,11.8946,13.073,14.2937,15.5628,16.8866,18.2721,19.7268,21.2585,22.8752,24.5849,26.3952,28.3126,30.3423,32.4874,34.7477,37.1194,39.594,42.1587,44.7959,47.4848,50.2033,52.9297,
-0.447665,0.447665,1.34413,2.24402,3.14969,4.06358,4.9883,5.92661,6.88151,7.85628,8.85452,9.88018,10.9376,12.0316,13.1675,14.351,15.5884,16.8866,18.2525,19.6937,21.2178,22.8323,24.544,26.3591,28.2822,30.3156,32.459,34.7085,37.0563,39.4906,41.9954,44.552,47.1396,49.7371,
-0.408719,0.408719,1.22728,2.04922,2.87685,3.71259,4.55899,5.41879,6.29492,7.19059,8.10933,9.055,10.0318,11.0445,12.0981,13.1983,14.351,15.5628,16.8404,18.1909,19.6214,21.139,22.7499,24.4598,26.2727,28.1906,30.213,32.336,34.5525,36.8515,39.2183,41.6355,44.0835,46.5418,
-0.372034,0.372034,1.11719,1.86565,2.61967,3.3816,4.15393,4.93932,5.74062,6.56096,7.40374,8.27268,9.1719,10.1059,11.0795,12.0981,13.1675,14.2937,15.4833,16.7427,18.0788,19.4979,21.006,22.608,24.3075,26.1064,28.0039,29.9964,32.0772,34.236,36.4593,38.7307,41.0319,43.3431,
-0.337375,0.337375,1.01318,1.69217,2.37653,3.06854,3.77058,4.48521,5.21519,5.96352,6.73345,7.52856,8.35275,9.2103,10.1059,11.0445,12.0316,13.073,14.1746,15.3427,16.5834,17.9026,19.3058,20.7976,22.381,24.0577,25.8268,27.685,29.626,31.6401,33.7149,35.8352,37.9836,40.1415,
-0.30452,0.30452,0.91457,1.52766,2.14589,2.77141,3.40651,4.05363,4.71539,5.39464,6.09446,6.81823,7.56965,8.35275,9.1719,10.0318,10.9376,11.8946,12.9084,13.9847,15.1292,16.3473,17.6439,19.0232,20.4881,22.0397,23.6774,25.3979,27.1952,29.0607,30.9827,32.9471,34.9377,36.9373,
-0.273262,0.273262,0.820741,1.37109,1.92629,2.48837,3.05949,3.64195,4.2382,4.85092,5.48301,6.13763,6.81823,7.52856,8.27268,9.055,9.88018,10.7532,11.6791,12.6632,13.7107,14.8265,16.0151,17.2801,18.6241,20.0482,21.5517,23.1314,24.782,26.4953,28.2607,30.0652,31.894,33.731,
-0.243407,0.243407,0.73111,1.22149,1.71639,2.21769,2.72742,3.2477,3.78082,4.32925,4.89567,5.48301,6.09446,6.73345,7.40374,8.10933,8.85452,9.64381,10.4819,11.3735,12.3232,13.3357,14.4148,15.5639,16.7851,18.0795,19.4463,20.8826,22.3836,23.9417,25.5473,27.1886,28.852,30.523,
-0.214775,0.214775,0.64514,1.07796,1.51493,1.95779,2.40837,2.86862,3.34065,3.82671,4.32925,4.85092,5.39464,5.96352,6.56096,7.19059,7.85628,8.56209,9.31222,10.1109,10.9624,11.8705,12.839,13.8707,14.9675,16.1303,17.3583,18.6489,19.9978,21.3981,22.8412,24.3164,25.8116,27.3134,
-0.187198,0.187198,0.562329,0.93968,1.32077,1.70717,2.10053,2.50262,2.91532,3.34065,3.78082,4.2382,4.71539,5.21519,5.74062,6.29492,6.88151,7.504,8.16611,8.8716,9.62415,10.4273,11.284,12.197,13.168,14.1975,15.2849,16.428,17.6226,18.863,20.1412,21.4479,22.7723,24.1027,
-0.160522,0.160522,0.482215,0.805869,1.13282,1.46447,1.80227,2.14777,2.50262,2.86862,3.2477,3.64195,4.05363,4.48521,4.93932,5.41879,5.92661,6.46591,7.03993,7.65192,8.30509,9.00244,9.74667,10.54,11.3838,12.2786,13.224,14.2177,15.2564,16.3349,17.4463,18.5825,19.7341,20.8909,
-0.134603,0.134603,0.404369,0.67582,0.950111,1.22843,1.51204,1.80227,2.10053,2.40837,2.72742,3.05949,3.40651,3.77058,4.15393,4.55899,4.9883,5.44451,5.93036,6.44862,7.00198,7.59299,8.22392,8.8966,9.61226,10.3713,11.1733,12.0163,12.8976,13.8126,14.7556,15.7196,16.6967,17.6783,
-0.109309,0.109309,0.328391,0.54887,0.771702,0.997877,1.22843,1.46447,1.70717,1.95779,2.21769,2.48837,2.77141,3.06854,3.3816,3.71259,4.06358,4.43677,4.83438,5.25869,5.71191,6.1961,6.71312,7.26445,7.8511,8.47341,9.1309,9.82218,10.5448,11.295,12.0683,12.8588,13.6601,14.4649,
-0.0845138,0.0845138,0.253906,0.424396,0.596736,0.771702,0.950111,1.13282,1.32077,1.51493,1.71639,1.92629,2.14589,2.37653,2.61967,2.87685,3.14969,3.4399,3.74922,4.07941,4.43219,4.80918,5.2118,5.64121,6.09817,6.58295,7.09518,7.63374,8.19671,8.78128,9.38376,9.99968,10.624,11.251,
-0.0600996,0.0600996,0.180561,0.301813,0.424396,0.54887,0.67582,0.805869,0.93968,1.07796,1.22149,1.37109,1.52766,1.69217,1.86565,2.04922,2.24402,2.45129,2.67227,2.90821,3.16035,3.42984,3.71768,4.02472,4.35148,4.69816,5.06448,5.44964,5.85228,6.27035,6.70125,7.14176,7.58825,8.03675,
-0.0359535,0.0359535,0.108019,0.180561,0.253906,0.328391,0.404369,0.482215,0.562329,0.64514,0.73111,0.820741,0.91457,1.01318,1.11719,1.22728,1.34413,1.46848,1.60108,1.74269,1.89403,2.0558,2.22862,2.41296,2.60916,2.81733,3.0373,3.26859,3.51037,3.76143,4.02018,4.28472,4.55283,4.82217,
-0.0119669,0.0119669,0.0359535,0.0600996,0.0845138,0.109309,0.134603,0.160522,0.187198,0.214775,0.243407,0.273262,0.30452,0.337375,0.372034,0.408719,0.447665,0.489114,0.533317,0.580525,0.630982,0.68492,0.742542,0.80401,0.869435,0.93885,1.0122,1.08933,1.16996,1.25368,1.33997,1.42818,1.51759,1.60741,
0.0119669,-0.0119669,-0.0359535,-0.0600996,-0.0845138,-0.109309,-0.134603,-0.160522,-0.187198,-0.214775,-0.243407,-0.273262,-0.30452,-0.337375,-0.372034,-0.408719,-0.447665,-0.489114,-0.533317,-0.580525,-0.630982,-0.68492,-0.742542,-0.80401,-0.869435,-0.93885,-1.0122,-1.08933,-1.16996,-1.25368,-1.33997,-1.42818,-1.51759,-1.60741,
