-1.6147,1.6147,4.84394,8.07282,11.3012,14.5288,17.7555,20.9811,24.2052,27.4276,30.6481,33.8661,37.0813,40.2933,43.5014,46.7051,49.9039,53.0984,56.2945,59.517,62.8495,66.5336,71.1767,78.1097,89.8511,110.44,145.152,199.031,274.086,366.03,462.497,544.804,593.74,597.252,
-1.5103,1.5103,4.53106,7.55218,10.5738,13.5962,16.6195,19.6439,22.6698,25.6974,28.7269,31.7589,34.7937,37.8317,40.8737,43.9202,46.9728,50.0347,53.1153,56.2446,59.5115,63.1601,67.791,74.7102,86.3924,106.832,141.296,194.904,269.824,361.926,458.872,541.778,591.002,593.74,
-1.40648,1.40648,4.21986,7.03435,9.85043,12.6687,15.4896,18.3141,21.1427,23.9764,26.8162,29.6631,32.5183,35.3833,38.2597,41.1495,44.0555,46.9828,49.9424,52.9637,56.1293,59.6595,64.0925,70.5987,81.4025,100.11,131.505,180.269,248.437,332.33,420.768,496.559,541.778,544.804,
-1.30425,1.30425,3.91348,6.52452,9.1382,11.7554,14.3772,17.0047,19.6392,22.282,24.9349,27.5994,30.2777,32.9719,35.6848,38.4192,41.1793,43.9707,46.8044,49.7062,52.7444,56.099,60.2078,66.0251,75.3707,91.2046,117.467,158.03,214.604,284.198,357.634,420.77,458.873,462.496,
-1.20454,1.20454,3.61461,6.0272,8.44344,10.8646,13.2921,15.7275,18.1725,20.6291,23.0994,25.5859,28.0913,30.6186,33.1712,35.7529,38.3687,41.0245,43.7302,46.5067,49.4054,52.5597,56.2933,61.3133,68.9721,81.4757,101.768,132.753,175.728,228.487,284.201,332.334,361.928,366.028,
-1.10815,1.10815,3.32568,5.5464,7.77176,10.0033,12.2429,14.4925,16.7543,19.0307,21.3245,23.6386,25.9765,28.3418,30.7387,33.1717,35.6462,38.1685,40.7473,43.3985,46.1582,49.1167,52.4919,56.7603,62.8349,72.2088,86.8796,108.823,138.934,175.734,214.612,248.445,269.827,274.082,
-1.01575,1.01575,3.04873,5.08552,7.12788,9.17771,11.2371,13.3085,15.3945,17.498,19.6223,21.7709,23.9477,26.1571,28.4039,30.6933,33.0311,35.4236,37.8791,40.4094,43.0389,45.8243,48.9002,52.5591,57.3624,64.2295,74.3924,89.0736,108.832,132.767,158.045,180.282,194.91,199.025,
-0.927887,0.927887,2.78537,4.64725,6.51555,8.39248,10.2805,12.1823,14.101,16.0398,18.0025,19.9932,22.0164,24.0769,26.1801,28.3317,30.538,32.8059,35.1429,37.5589,40.0703,42.7115,45.5596,48.7799,52.6881,57.8006,64.8099,74.4041,86.8994,101.792,117.49,131.523,141.303,145.145,
-0.844961,0.844961,2.5368,4.23355,5.93751,7.65116,9.37724,11.1188,12.8793,14.6623,16.4721,18.3133,20.1906,22.1097,24.0762,26.0966,28.1775,30.3261,32.5502,34.8586,37.2635,39.7859,42.4686,45.399,48.7411,52.7612,57.8151,64.2552,72.2416,81.5107,91.2367,100.134,106.841,110.431,
-0.767225,0.767225,2.30376,3.84569,5.39551,6.95596,8.53006,10.1212,11.733,13.3696,15.0355,16.7356,18.4754,20.2607,22.0979,23.9936,25.9551,27.9901,30.1066,32.3132,34.6202,37.0419,39.6027,42.3476,45.357,48.7583,52.7194,57.4039,62.8818,69.0192,75.4121,81.432,86.4038,89.8397,
-0.694802,0.694802,2.08664,3.48426,4.89039,6.30796,7.74024,9.19082,10.6637,12.1633,13.6944,15.2623,16.8729,18.5322,20.2472,22.0249,23.873,25.7996,27.8131,29.9224,32.1369,34.4683,36.9319,39.5519,42.3671,45.4353,48.8294,52.6174,56.8221,61.3729,66.076,70.6343,74.7237,78.0962,
-0.627701,0.627701,1.88546,3.14933,4.4222,5.70721,7.00782,8.32784,9.67149,11.0434,12.4488,13.8931,15.3825,16.9236,18.5233,20.1894,21.9296,23.7526,25.667,27.6819,29.8069,32.0522,34.4294,36.9531,39.6431,42.525,45.628,48.9756,52.5688,56.3653,60.2681,64.134,67.8065,71.1611,
-0.565835,0.565835,1.69996,2.84044,3.99033,5.15291,6.33179,7.53098,8.75489,10.0084,11.2967,12.6258,14.002,15.432,16.9232,18.4834,20.1209,21.8443,23.6627,25.5853,27.6217,29.7815,32.0747,34.5117,37.1038,39.8627,42.7988,45.9168,49.2083,52.6437,56.1683,59.7067,63.1776,66.516,
-0.509037,0.509037,1.52963,2.55677,3.5936,4.64354,5.71032,6.79807,7.91134,9.05514,10.235,11.4568,12.7271,14.0529,15.4417,16.9015,18.4407,20.0681,21.7929,23.6243,25.5719,27.6449,29.8524,32.2027,34.7034,37.3602,40.1759,43.1476,46.2637,49.5006,52.822,56.1815,59.5307,62.8302,
-0.457081,0.457081,1.3738,2.29717,3.23043,4.17706,5.14089,6.12613,7.13742,8.17987,9.25907,10.3811,11.5525,12.7805,14.0726,15.4368,16.8817,18.416,20.049,21.7898,23.6477,25.6316,27.7499,30.0097,32.4168,34.9742,37.6816,40.5332,43.5167,46.612,49.7912,53.0205,56.2653,59.4962,
-0.409694,0.409694,1.23164,2.06029,2.89891,3.75103,4.62052,5.51164,6.42907,7.37796,8.36393,9.3931,10.4721,11.608,12.8084,14.0814,15.4354,16.8792,18.4217,20.072,21.839,23.7312,25.7563,27.9208,30.2291,32.6832,35.281,38.0162,40.8767,43.8444,46.8957,50.003,53.1374,56.2724,
-0.366573,0.366573,1.10226,1.84462,2.59693,3.36274,4.14591,4.95071,5.7818,6.64432,7.54388,8.48656,9.47895,10.5281,11.6415,12.8271,14.0932,15.4483,16.9013,18.4609,20.1356,21.9335,23.8616,25.9257,28.1296,30.4744,32.9575,35.5723,38.3072,41.1459,44.0671,47.0464,50.0577,53.0754,
-0.327395,0.327395,0.984684,1.64855,2.32225,3.00931,3.71355,4.4392,5.19086,5.97362,6.79299,7.65498,8.56605,9.53313,10.5636,11.6651,12.8459,14.1141,15.4783,16.9468,18.5277,20.2287,22.0561,24.0152,26.1092,28.3386,30.7008,33.189,35.7924,38.4957,41.2795,44.1213,46.9965,49.8802,
-0.291828,0.291828,0.877919,1.47043,2.07257,2.68778,3.31985,3.97288,4.6514,5.36038,6.1052,6.89172,7.72622,8.61545,9.56653,10.587,11.6845,12.8672,14.143,15.52,17.0058,18.6073,20.3307,22.1805,24.1596,26.268,28.503,30.8582,33.3232,35.8838,38.522,41.2165,43.9443,46.681,
-0.259541,0.259541,0.780968,1.3086,1.84556,2.3952,2.96118,3.54751,4.15857,4.79915,5.47447,6.19018,6.95234,7.76744,8.64231,9.58414,10.6004,11.6986,12.8864,14.1713,15.5605,17.0604,18.6766,20.4133,22.2728,24.2551,26.3573,28.5733,30.8933,33.304,35.7886,38.3272,40.8978,43.4772,
-0.230203,0.230203,0.692847,1.16142,1.63895,2.12864,2.63402,3.15894,3.7076,4.28459,4.89491,5.54394,6.2375,6.98173,7.78315,8.64856,9.585,10.5996,11.6996,12.8919,14.1832,15.5794,17.0857,18.7058,20.4416,22.2931,24.2573,26.3284,28.4974,30.7517,33.0755,35.4504,37.8557,40.2693,
-0.203496,0.203496,0.6126,1.02732,1.45052,1.88527,2.33493,2.80313,3.29389,3.81154,4.36081,4.94682,5.57502,6.25124,6.98159,7.77246,8.63043,9.56219,10.5744,11.6735,12.8657,14.1564,15.5503,17.0506,18.6591,20.3756,22.1972,24.1185,26.1309,28.2228,30.3797,32.5842,34.8171,37.0579,
-0.179113,0.179113,0.539309,0.904754,1.27815,1.66238,2.0606,2.47623,2.91303,3.37506,3.86677,4.39292,4.95862,5.56928,6.2306,6.94852,7.72913,8.57861,9.50308,10.5085,11.6005,12.784,14.0632,15.441,16.919,18.4968,20.1717,21.9386,23.7897,25.7141,27.6985,29.7269,31.7815,33.8435,
-0.156762,0.156762,0.472099,0.792281,1.11981,1.45738,1.80791,2.17458,2.56085,2.97052,3.40766,3.8767,4.38233,4.92955,5.52359,6.16991,6.87407,7.64173,8.47847,9.38969,10.3805,11.4553,12.6178,13.8708,15.2154,16.6513,18.1759,19.7846,21.4701,23.2226,25.0298,26.8771,28.7485,30.6265,
-0.136166,0.136166,0.410145,0.688529,0.973613,1.26786,1.57393,1.89474,2.23345,2.59353,2.9787,3.39297,3.84062,4.3262,4.85444,5.43027,6.05875,6.74495,7.49391,8.31046,9.19915,10.164,11.2082,12.3342,13.543,14.8342,16.2055,17.6526,19.1689,20.7456,22.3716,24.0338,25.7176,27.4074,
-0.117068,0.117068,0.352674,0.592217,0.837762,1.09152,1.35589,1.63349,1.92718,2.24003,2.57541,2.9369,3.32835,3.75378,4.21746,4.72375,5.27716,5.88219,6.5433,7.26478,8.05061,8.90433,9.82881,10.826,11.897,13.0411,14.2564,15.539,16.8831,18.2808,19.7222,21.1958,22.6885,24.1865,
-0.0992271,0.0992271,0.298965,0.502151,0.710601,0.926263,1.15125,1.38787,1.63863,1.90625,2.19367,2.50405,2.84074,3.2073,3.60742,4.04494,4.52377,5.04785,5.62104,6.24707,6.9294,7.67105,8.47452,9.34151,10.2728,11.2679,12.325,13.4408,14.6101,15.8261,17.0801,18.3621,19.6608,20.9642,
-0.0824196,0.0824196,0.248352,0.417223,0.590591,0.770125,0.957639,1.15511,1.36469,1.5887,1.82967,2.09029,2.37344,2.68212,3.01952,3.38888,3.79353,4.23681,4.72201,5.25228,5.83053,6.45933,7.14076,7.87625,8.66641,9.51086,10.408,11.355,12.3475,13.3795,14.4439,15.5321,16.6344,17.7406,
-0.0664396,0.0664396,0.200217,0.336412,0.476311,0.621296,0.772867,0.932659,1.10245,1.28417,1.47989,1.69184,1.92239,2.17402,2.44933,2.75101,3.08178,3.44438,3.84151,4.27574,4.74946,5.26475,5.82331,6.4263,7.0742,7.76668,8.50244,9.27908,10.093,10.9395,11.8124,12.7048,13.6089,14.5161,
-0.0510973,0.0510973,0.153992,0.258774,0.366451,0.478108,0.594921,0.718173,0.849259,0.98969,1.14109,1.30521,1.48389,1.67907,1.8928,2.12715,2.38426,2.66626,2.97524,3.31321,3.68202,4.08329,4.51834,4.98804,5.49278,6.03228,6.60552,7.21062,7.84479,8.50427,9.18441,9.87971,10.5841,11.2909,
-0.0362177,0.0362177,0.109154,0.183441,0.259803,0.33902,0.421938,0.509479,0.602644,0.70252,0.810274,0.927156,1.05449,1.19367,1.34615,1.51342,1.69701,1.89845,2.11922,2.36076,2.62438,2.91125,3.2223,3.55815,3.91907,4.30486,4.71478,5.14748,5.60097,6.07256,6.55891,7.0561,7.55976,8.06524,
-0.0216393,0.0216393,0.0652183,0.109609,0.155248,0.202605,0.252189,0.304557,0.360311,0.420104,0.484641,0.55467,0.630989,0.714435,0.80588,0.906223,1.01638,1.13725,1.26975,1.41473,1.57298,1.74519,1.93192,2.13354,2.35021,2.58182,2.82791,3.08767,3.35991,3.64301,3.93496,4.23343,4.53578,4.83922,
-0.00721107,0.00721107,0.0217334,0.0365268,0.0517368,0.0675206,0.0840482,0.101505,0.120093,0.140029,0.161549,0.184901,0.210351,0.238179,0.268674,0.302135,0.338867,0.379173,0.423352,0.471689,0.524448,0.581857,0.644104,0.711313,0.783535,0.86073,0.94275,1.02933,1.12006,1.21441,1.31171,1.41117,1.51194,1.61306,
0.00721107,-0.00721107,-0.0217334,-0.0365268,-0.0517368,-0.0675206,-0.0840482,-0.101505,-0.120093,-0.140029,-0.161549,-0.184901,-0.210351,-0.238179,-0.268674,-0.302135,-0.338867,-0.379173,-0.423352,-0.471689,-0.524448,-0.581857,-0.644104,-0.711313,-0.783535,-0.86073,-0.94275,-1.02933,-1.12006,-1.21441,-1.31171,-1.41117,-1.51194,-1.61306,
