-1.72909,1.72909,5.18428,8.63443,12.0811,15.5256,18.9685,22.4105,25.852,29.2934,32.7349,36.1769,39.6199,43.0647,46.513,49.9681,53.4363,56.9296,60.4714,64.1116,67.9656,72.3086,77.7721,85.682,98.4987,120.131,155.649,209.85,284.517,375.23,469.646,549.271,595.212,595.78,
-1.39591,1.39591,4.19072,6.99057,9.79385,12.5994,15.4065,18.2145,21.023,23.8316,26.6401,29.4481,32.2551,35.0603,37.862,40.6572,43.4403,46.2034,48.9384,51.6499,54.3953,57.385,61.1955,67.1379,77.7449,97.1411,130.799,184.085,259.392,352.725,451.723,537.31,589.53,595.212,
-1.07811,1.07811,3.2425,5.42075,7.60848,9.80251,12.0006,14.2013,16.4034,18.6059,20.8079,23.0085,25.2062,27.3985,29.5807,31.7435,33.8703,35.9338,37.8953,39.714,41.3838,43.0331,45.1369,48.8856,56.6736,72.4787,101.657,149.578,218.903,306.316,400.567,483.935,537.614,548.967,
-0.798541,0.798541,2.40721,4.03554,5.67734,7.32812,8.98476,10.6451,12.3074,13.9703,15.6324,17.2923,18.9476,20.5947,22.2259,23.8272,25.3728,26.8201,28.106,29.1524,29.899,30.3941,30.991,32.6861,37.5635,49.1433,72.2145,111.658,170.097,245.06,327.263,401.785,452.6,468.769,
-0.567855,0.567855,1.71654,2.88723,4.07302,5.26888,6.47132,7.67791,8.88677,10.0963,11.3049,12.5107,13.7109,14.9007,16.071,17.2044,18.2695,19.2142,19.9599,20.4048,20.4499,20.0782,19.523,19.5556,21.8594,29.3207,45.9023,75.7073,121.116,180.533,247.003,309.065,354.222,373.734,
-0.388534,0.388534,1.17821,1.98925,2.8149,3.65026,4.49196,5.33768,6.18564,7.03425,7.88185,8.7264,9.56491,10.3922,11.1984,11.9649,12.6583,13.2232,13.5757,13.6038,13.1891,12.2705,10.9815,9.8812,10.2485,14.3107,25.1524,46.0229,78.9627,123.143,173.824,222.904,261.346,282.563,
-0.256705,0.256705,0.78118,1.32433,1.88011,2.44417,3.0136,3.58645,4.16124,4.73657,5.31089,5.88223,6.44765,7.00201,7.53569,8.03067,8.45478,8.75467,8.84932,8.62957,7.97423,6.8009,5.17348,3.47976,2.65409,4.34769,10.8676,24.6908,47.5061,79.0567,116.391,154.169,186.213,207.722,
-0.164728,0.164728,0.503153,0.856568,1.21985,1.58939,1.9629,2.33893,2.71641,3.09423,3.4711,3.84524,4.21396,4.57259,4.91243,5.21735,5.45867,5.58894,5.53608,5.2024,4.47694,3.27498,1.62072,-0.218584,-1.56783,-1.21955,2.52639,11.5318,27.1718,49.5522,76.98,106.099,132.812,153.637,
-0.103642,0.103642,0.317735,0.542991,0.77518,1.01145,1.25014,1.49032,1.73136,1.9725,2.21273,2.45057,2.6837,2.90812,3.11651,3.29533,3.42066,3.453,3.33241,2.97752,2.29515,1.21093,-0.267095,-1.94734,-3.33226,-3.52719,-1.26593,4.86339,15.9792,32.3749,53.1422,76.2018,98.8255,118.446,
-0.0649196,0.0649196,0.199662,0.342149,0.488886,0.637662,0.787373,0.937576,1.08802,1.2383,1.38769,1.535,1.67836,1.81452,1.93763,2.03702,2.09385,2.07712,1.93982,1.61828,1.03977,0.146604,-1.05467,-2.41569,-3.55372,-3.78324,-2.13285,2.49551,11.019,23.8006,40.3697,59.4013,79.0078,97.2358,
-0.0414388,0.0414388,0.127703,0.218954,0.312235,0.405825,0.499065,0.5919,0.684411,0.776487,0.867659,0.957022,1.04309,1.12336,1.1934,1.24521,1.26477,1.22899,1.10292,0.839465,0.385608,-0.298479,-1.2006,-2.19584,-2.97447,-2.98884,-1.46513,2.47852,9.6045,20.278,34.2506,50.6177,67.9912,84.8287,
-0.027783,0.027783,0.0856192,0.146389,0.207489,0.267542,0.326212,0.383736,0.440454,0.49648,0.551556,0.605011,0.655702,0.701763,0.739994,0.764701,0.765955,0.727403,0.624352,0.423788,0.0895952,-0.401983,-1.03118,-1.686,-2.10437,-1.83138,-0.228026,3.43624,9.80488,19.2152,31.5228,46.0533,61.7173,77.2503,
-0.0201283,0.0201283,0.0618872,0.105152,0.147539,0.18789,0.226082,0.262549,0.297812,0.332152,0.365473,0.397291,0.426744,0.452479,0.472278,0.482288,0.475824,0.441868,0.363807,0.21973,-0.0131057,-0.345562,-0.751076,-1.12563,-1.24002,-0.704305,1.02526,4.57009,10.4819,19.0612,30.2094,43.3823,57.6759,72.0178,
-0.0159402,0.0159402,0.0488289,0.0823041,0.114114,0.14323,0.169643,0.193901,0.216632,0.238233,0.258728,0.277786,0.294766,0.308712,0.318145,0.320586,0.311765,0.284623,0.228546,0.129859,-0.0242858,-0.235229,-0.47142,-0.634729,-0.520051,0.214991,2.04424,5.50798,11.0867,19.0452,29.3043,41.3989,54.5474,67.8135,
-0.013634,0.013634,0.0416177,0.0696558,0.0955874,0.118444,0.138259,0.155616,0.171192,0.185449,0.198503,0.210145,0.219913,0.227145,0.230897,0.229657,0.220852,0.200206,0.161322,0.0963152,-0.000742261,-0.124658,-0.240802,-0.256121,0.0158372,0.881265,2.76097,6.13323,11.4228,18.8632,28.3838,39.5719,51.7323,64.0292,
-0.0122734,0.0122734,0.0373826,0.0622941,0.084926,0.104334,0.120537,0.134099,0.145692,0.155804,0.164612,0.172001,0.177652,0.181123,0.181836,0.178936,0.170978,0.155547,0.129072,0.0875412,0.0296107,-0.0353656,-0.0713082,0.0100554,0.38005,1.31634,3.19821,6.45524,11.4677,18.4434,27.3155,37.7093,48.9951,60.4147,
-0.0113352,0.0113352,0.0345039,0.0574119,0.0780666,0.0955349,0.109794,0.121349,0.130826,0.1387,0.145176,0.150206,0.153576,0.155001,0.154156,0.150606,0.143629,0.132,0.113957,0.0879605,0.0555318,0.0284295,0.0429389,0.182637,0.606047,1.56748,3.41254,6.53136,11.2681,17.8088,26.0894,35.7648,46.2582,56.8748,
-0.0105462,0.0105462,0.0321242,0.0534961,0.0727799,0.0890619,0.102272,0.112836,0.121307,0.128115,0.133455,0.13731,0.139536,0.139955,0.138404,0.134713,0.128609,0.119596,0.107025,0.0908559,0.0742824,0.0702364,0.114318,0.285415,0.730759,1.68475,3.46456,6.42715,10.8862,17.0097,24.7355,33.744,43.5033,53.3734,
-0.00978428,0.00978428,0.0298522,0.0498322,0.0679755,0.0834069,0.0960183,0.106155,0.114283,0.120759,0.125739,0.129203,0.131036,0.13112,0.129394,0.12585,0.120482,0.11323,0.104099,0.0939125,0.0867419,0.0958709,0.155611,0.340137,0.786341,1.71092,3.40603,6.19957,10.3787,16.0954,23.29,31.6657,40.7307,49.8946,
-0.00902318,0.00902318,0.0275921,0.046215,0.0632894,0.0779965,0.0902088,0.100202,0.108355,0.114939,0.120051,0.123638,0.125582,0.12579,0.12425,0.121049,0.116335,0.1103,0.103318,0.0966707,0.0948061,0.110836,0.177391,0.363899,0.797493,1.67852,3.27629,5.89221,9.78927,15.1055,21.7836,29.5482,37.9451,46.43,
-0.00829397,0.00829397,0.0254264,0.0427467,0.0587951,0.0728206,0.0846941,0.094642,0.102968,0.109867,0.115369,0.119375,0.121741,0.122368,0.121263,0.118556,0.11448,0.109365,0.103779,0.0992178,0.100202,0.119349,0.187364,0.368891,0.781637,1.61041,3.10294,5.53575,9.14925,14.0685,20.2388,27.4056,35.1508,42.9742,
-0.0076518,0.0076518,0.0235136,0.0396656,0.0547707,0.0681443,0.0796706,0.0895499,0.0980363,0.105269,0.111221,0.115747,0.118667,0.119863,0.119334,0.117225,0.113808,0.109479,0.1049,0.101637,0.104101,0.124224,0.190632,0.363156,0.750244,1.52163,2.90419,5.1505,8.47935,13.0034,18.671,25.2479,32.3513,39.5237,
-0.00714885,0.00714885,0.0220075,0.0372145,0.0515217,0.0642997,0.0754553,0.0851854,0.0937234,0.101178,0.10749,0.112476,0.115927,0.117697,0.117773,0.116295,0.113548,0.109956,0.106213,0.10387,0.107126,0.127113,0.190285,0.351619,0.710392,1.42149,2.69137,4.74918,7.7926,11.9224,17.0899,23.0814,29.5486,36.0764,
-0.00681788,0.00681788,0.021007,0.0355571,0.0492694,0.0615526,0.0723385,0.0818384,0.09029,0.0977981,0.104291,0.109569,0.113403,0.11563,0.116224,0.11532,0.113206,0.110311,0.107328,0.105746,0.10949,0.128828,0.187974,0.337023,0.666102,1.31537,2.47108,4.33921,7.09669,10.8326,15.5016,20.91,26.7441,32.6309,
-0.00666498,0.00666498,0.0205329,0.0347353,0.0480861,0.0600127,0.0704707,0.0796952,0.0879447,0.0953376,0.101808,0.107157,0.111152,0.113628,0.114561,0.114086,0.112495,0.110218,0.107926,0.107024,0.111128,0.129596,0.184367,0.320621,0.619335,1.20599,2.2467,3.9245,6.39568,9.73785,13.9089,18.7356,23.9385,29.1865,
-0.00666654,0.00666654,0.0205155,0.0346421,0.0478453,0.0595573,0.069753,0.0786943,0.0866661,0.0938086,0.100072,0.105271,0.109185,0.111665,0.112702,0.11245,0.11121,0.109411,0.107703,0.107388,0.111757,0.129236,0.179457,0.302663,0.570664,1.09426,2.01951,3.5065,5.6911,8.63953,12.3132,16.559,21.1321,25.7429,
-0.00676463,0.00676463,0.0207786,0.0349885,0.0481689,0.0597514,0.0697272,0.0783817,0.0860239,0.092815,0.0987245,0.103586,0.107204,0.109457,0.110368,0.110119,0.109028,0.107531,0.10625,0.106386,0.11089,0.127244,0.172756,0.282704,0.519704,0.979857,1.78916,3.08487,4.9825,7.53713,10.7138,14.3798,18.3247,22.3003,
-0.00685742,0.00685742,0.0210105,0.0352571,0.0483633,0.0597686,0.0694786,0.077794,0.0850378,0.0913853,0.0968221,0.101204,0.104367,0.106224,0.106835,0.106415,0.105302,0.103937,0.102916,0.10333,0.107791,0.122823,0.163388,0.259763,0.46532,0.861426,1.55402,2.65765,4.26773,6.42847,9.1088,12.1967,15.5158,18.8592,
-0.00679003,0.00679003,0.0207416,0.0346738,0.0473918,0.0583643,0.0676093,0.0754276,0.0821391,0.0879206,0.09277,0.0965672,0.0991791,0.100557,0.100795,0.100129,0.0989116,0.0975766,0.0966856,0.0972155,0.101426,0.114863,0.150106,0.232366,0.40569,0.736658,1.31121,2.2214,3.54295,5.30974,7.49501,10.0074,12.7047,15.4203,
-0.00636449,0.00636449,0.0193802,0.0322769,0.0439753,0.0540041,0.0623883,0.069405,0.0753461,0.0803752,0.0844983,0.087621,0.0896447,0.0905527,0.0904574,0.0896007,0.088322,0.087027,0.0862222,0.0867504,0.0904955,0.101986,0.131344,0.1986,0.338356,0.60235,1.05666,1.77126,2.80285,4.17576,5.86808,7.8092,9.8903,11.9847,
-0.00538531,0.00538531,0.0163504,0.0271434,0.0368927,0.0452218,0.052153,0.0579099,0.0627282,0.0667418,0.0699613,0.0723216,0.0737588,0.0742789,0.0739931,0.0731166,0.0719409,0.0708076,0.0701346,0.0705964,0.0736559,0.0827479,0.105407,0.156311,0.260446,0.454678,0.785488,1.30145,2.04125,3.02062,4.22315,5.59887,7.07168,8.55332,
-0.00373136,0.00373136,0.0113018,0.0187182,0.0254072,0.03112,0.0358677,0.0397935,0.0430498,0.0457256,0.0478326,0.049336,0.0502043,0.0504532,0.0501682,0.0495019,0.0486566,0.0478671,0.0474199,0.0477721,0.0498924,0.0559975,0.0708401,0.103492,0.169123,0.28975,0.492707,0.80612,1.25194,1.83852,2.55559,3.37353,4.24785,5.12715,
-0.0014144,0.0014144,0.00427607,0.0070724,0.00959904,0.0117647,0.0135691,0.0150591,0.0162867,0.017284,0.0180575,0.018599,0.0189021,0.018977,0.0188585,0.0186047,0.0182911,0.0180058,0.0178586,0.0180267,0.0188794,0.0212355,0.026794,0.0387036,0.0620936,0.104235,0.173961,0.280169,0.429608,0.624608,0.861567,1.13083,1.41809,1.70691,
0.0014144,-0.0014144,-0.00427607,-0.0070724,-0.00959904,-0.0117647,-0.0135691,-0.0150591,-0.0162867,-0.017284,-0.0180575,-0.018599,-0.0189021,-0.018977,-0.0188585,-0.0186047,-0.0182911,-0.0180058,-0.0178586,-0.0180267,-0.0188794,-0.0212355,-0.026794,-0.0387036,-0.0620936,-0.104235,-0.173961,-0.280169,-0.429608,-0.624608,-0.861567,-1.13083,-1.41809,-1.70691,
