-3.30012,3.30012,9.89932,16.4954,23.0857,29.6671,36.235,42.7816,49.2917,55.736,62.1414,69.4378,83.8681,127.398,237.523,417.843,574.859,583.736,
-2.94988,2.94988,8.85068,14.7546,20.6643,26.5829,32.515,38.4685,44.4591,50.5309,56.8694,64.5292,79.039,120.246,226.25,407.795,571.236,574.859,
-2.60584,2.60584,7.82054,13.0445,18.2851,23.5513,28.8556,34.2163,39.6641,45.256,51.1374,57.9537,69.1095,97.5003,169.199,293.318,407.795,417.843,
-2.27903,2.27903,6.84188,11.4195,16.0234,20.6672,25.3688,30.1522,35.0505,40.1096,45.4021,51.1748,58.8347,74.1269,109.241,169.199,226.25,237.523,
-1.97721,1.97721,5.93795,9.91817,13.9326,17.9987,22.1381,26.378,30.7521,35.3,40.0637,45.121,50.8919,59.2095,74.1269,97.5003,120.246,127.398,
-1.70439,1.70439,5.12071,8.56025,12.0404,15.5813,19.2077,22.9494,26.8424,30.9283,35.2515,39.8661,44.9135,50.8919,58.8347,69.1095,79.039,83.8681,
-1.46131,1.46131,4.39238,7.3494,10.3517,13.4215,16.5856,19.8762,23.3323,26.9997,30.9316,35.1904,39.8661,45.121,51.1748,57.9537,64.5292,69.4378,
-1.2464,1.2464,3.74823,6.27768,8.85524,11.5045,14.2533,17.1356,20.192,23.4709,27.0291,30.9316,35.2515,40.0637,45.4021,51.1374,56.8694,62.1414,
-1.05674,1.05674,3.17944,5.33039,7.53044,9.8035,12.1778,14.6873,17.3727,20.2821,23.4709,26.9997,30.9283,35.3,40.1096,45.256,50.5309,55.736,
-0.888772,0.888772,2.67539,4.4898,6.35244,8.28668,10.32,12.485,14.8208,17.3727,20.192,23.3323,26.8424,30.7521,35.0505,39.6641,44.4591,49.2917,
-0.738857,0.738857,2.22516,3.73778,5.29599,6.92174,8.6407,10.4832,12.485,14.6873,17.1356,19.8762,22.9494,26.378,30.1522,34.2163,38.4685,42.7816,
-0.603552,0.603552,1.81846,3.05726,4.3374,5.67869,7.10411,8.6407,10.32,12.1778,14.2533,16.5856,19.2077,22.1381,25.3688,28.8556,32.515,36.235,
-0.47976,0.47976,1.44603,2.43296,3.4556,4.53096,5.67869,6.92174,8.28668,9.8035,11.5045,13.4215,15.5813,17.9987,20.6672,23.5513,26.5829,29.6671,
-0.364765,0.364765,1.09978,1.85154,2.63224,3.4556,4.3374,5.29599,6.35244,7.53044,8.85524,10.3517,12.0404,13.9326,16.0234,18.2851,20.6643,23.0857,
-0.256211,0.256211,0.772669,1.30146,1.85154,2.43296,3.05726,3.73778,4.4898,5.33039,6.27768,7.3494,8.56025,9.91817,11.4195,13.0445,14.7546,16.4954,
-0.152037,0.152037,0.45858,0.772669,1.09978,1.44603,1.81846,2.22516,2.67539,3.17944,3.74823,4.39238,5.12071,5.93795,6.84188,7.82054,8.85068,9.89932,
-0.0504017,0.0504017,0.152037,0.256211,0.364765,0.47976,0.603552,0.738857,0.888772,1.05674,1.2464,1.46131,1.70439,1.97721,2.27903,2.60584,2.94988,3.30012,
0.0504017,-0.0504017,-0.152037,-0.256211,-0.364765,-0.47976,-0.603552,-0.738857,-0.888772,-1.05674,-1.2464,-1.46131,-1.70439,-1.97721,-2.27903,-2.60584,-2.94988,-3.30012,
